# calendar type
type=islamic-icu4j

# icu-version
version=55.1

# minimum hijri year
min=1

# maximum hijri year
max=1600

# ISO-8601-date corresponding to first hijri date
iso-start=0622-07-18
# julian=0622-07-15

1=29 30 29 29 30 29 30 30 29 30 30 29
2=30 29 30 29 29 30 29 30 29 30 30 29
3=30 29 30 30 29 30 29 29 30 29 30 29
4=30 30 29 30 29 30 30 29 29 30 29 30
5=29 30 29 30 30 29 30 30 29 30 29 29
6=30 29 29 30 30 29 30 30 30 29 30 29
7=29 30 29 29 30 29 30 30 30 29 30 30
8=29 29 30 29 29 30 29 30 30 30 29 30
9=29 30 29 30 29 29 30 29 30 30 29 30
10=30 29 30 29 30 29 29 30 29 30 29 30
11=30 29 30 30 29 30 29 29 30 29 30 29
12=30 29 30 30 29 30 29 30 29 30 29 30
13=29 30 29 30 29 30 30 29 30 30 29 29
14=30 29 30 29 29 30 30 29 30 30 30 29
15=30 29 29 30 29 29 30 29 30 30 30 29
16=30 30 29 29 30 29 29 30 29 30 30 30
17=29 30 30 29 29 30 29 29 30 29 30 29
18=30 30 30 29 30 29 30 29 29 30 29 30
19=29 30 30 30 29 30 29 30 29 29 30 29
20=30 29 30 30 29 30 29 30 29 30 29 30
21=29 30 29 30 29 30 29 30 30 29 30 29
22=30 29 30 29 30 29 30 29 30 29 30 30
23=29 30 29 30 29 30 29 29 30 29 30 30
24=30 29 30 29 30 29 30 29 29 30 29 30
25=30 30 29 30 29 30 29 30 29 29 30 29
26=30 29 30 30 30 29 30 29 30 29 29 30
27=29 30 29 30 30 30 29 30 29 30 29 29
28=30 29 30 29 30 30 29 30 30 29 29 30
29=29 30 29 30 29 30 29 30 30 29 30 29
30=30 29 30 29 30 29 30 29 30 29 30 30
31=29 30 29 30 29 30 29 30 29 29 30 30
32=29 30 30 29 30 29 30 29 30 29 29 30
33=29 30 30 29 30 30 29 30 29 30 29 29
34=30 29 30 29 30 30 30 29 30 29 30 29
35=29 29 30 30 29 30 30 30 29 30 29 30
36=29 29 29 30 29 30 30 30 29 30 30 29
37=30 29 29 30 29 29 30 30 29 30 30 29
38=30 29 30 29 30 29 29 30 30 29 30 29
39=30 30 29 30 29 30 29 30 29 30 29 30
40=29 30 29 30 30 29 30 29 30 29 29 30
41=29 30 29 30 30 29 30 30 29 30 29 30
42=29 29 30 29 30 29 30 30 30 29 30 29
43=30 29 29 30 29 30 29 30 30 30 29 30
44=29 30 29 29 29 30 29 30 30 30 29 30
45=30 29 30 29 29 29 30 29 30 30 29 30
46=30 30 29 29 30 29 30 29 29 30 29 30
47=30 30 29 30 29 30 29 30 29 29 30 29
48=30 30 29 30 30 29 30 29 30 29 30 29
49=29 30 29 30 30 29 30 30 29 30 29 30
50=29 29 30 29 30 29 30 30 29 30 30 29
51=30 29 30 29 29 30 29 30 29 30 30 30
52=29 30 29 30 29 29 29 30 29 30 30 30
53=29 30 30 29 30 29 29 29 30 29 30 30
54=29 30 30 30 29 30 29 29 29 30 29 30
55=29 30 30 30 29 30 29 30 29 30 29 29
56=30 29 30 30 29 30 30 29 30 29 30 29
57=29 30 29 30 29 30 30 29 30 30 29 30
58=29 30 29 29 30 29 30 29 30 30 29 30
59=30 29 30 29 29 30 29 30 29 30 29 30
60=30 29 30 30 29 30 29 29 30 29 29 30
61=30 30 29 30 30 29 30 29 29 29 30 29
62=30 30 29 30 30 30 29 30 29 29 29 30
63=29 30 29 30 30 30 29 30 29 30 29 29
64=30 29 30 29 30 30 29 30 30 29 30 29
65=30 29 29 30 29 30 29 30 30 30 29 30
66=29 30 29 29 30 29 30 29 30 30 29 30
67=29 30 30 29 29 30 29 30 29 30 29 30
68=29 30 30 29 30 30 29 29 30 29 30 29
69=30 29 30 30 29 30 30 29 30 29 29 29
70=30 29 30 30 29 30 30 30 29 30 29 29
71=29 30 29 30 29 30 30 30 29 30 30 29
72=29 29 30 29 30 29 30 30 29 30 30 29
73=30 29 29 30 29 30 29 30 29 30 30 30
74=29 30 29 29 30 29 30 29 30 29 30 30
75=29 30 30 29 29 30 29 30 29 30 29 30
76=29 30 30 29 30 29 30 29 30 29 30 29
77=30 29 30 29 30 30 29 30 29 30 29 30
78=29 30 29 29 30 30 29 30 30 29 30 29
79=30 29 29 30 29 30 29 30 30 30 29 30
80=29 30 29 29 30 29 30 29 30 30 30 29
81=30 29 30 29 29 30 29 30 29 30 29 30
82=30 30 29 30 29 29 30 29 30 29 30 29
83=30 30 29 30 30 29 29 30 29 30 29 30
84=29 30 29 30 30 29 30 29 30 29 30 29
85=30 29 30 29 30 29 30 30 29 30 29 30
86=29 30 29 30 29 30 29 30 29 30 30 29
87=30 29 30 29 29 30 29 30 29 30 30 30
88=29 30 29 30 29 29 30 29 30 29 30 30
89=29 30 30 29 30 29 29 30 29 30 29 30
90=29 30 30 30 29 30 29 29 30 29 29 30
91=30 29 30 30 30 29 30 29 29 30 29 30
92=29 30 29 30 30 29 30 30 29 29 30 29
93=30 29 30 29 30 29 30 30 29 30 29 30
94=29 30 29 30 29 30 29 30 29 30 30 29
95=30 29 30 29 30 29 29 30 29 30 30 29
96=30 30 29 30 29 30 29 29 30 29 30 29
97=30 30 29 30 30 29 30 29 29 30 29 30
98=29 30 29 30 30 30 29 30 29 29 30 29
99=29 30 29 30 30 30 30 29 30 29 30 29
100=29 29 30 29 30 30 30 29 30 30 29 29
101=30 29 29 30 29 30 30 29 30 30 29 30
102=29 30 29 30 29 29 30 30 29 30 29 30
103=30 29 30 29 30 29 30 29 29 30 30 29
104=30 29 30 30 29 30 29 30 29 29 30 29
105=30 29 30 30 29 30 30 29 30 29 29 30
106=29 30 29 30 29 30 30 30 29 30 29 29
107=30 29 29 30 29 30 30 30 30 29 30 29
108=30 29 29 29 30 29 30 30 30 29 30 30
109=29 29 30 29 29 30 29 30 30 29 30 30
110=29 30 29 30 29 29 30 29 30 29 30 30
111=30 29 30 29 30 29 30 29 29 30 29 30
112=30 29 30 29 30 30 29 30 29 30 29 29
113=30 29 30 30 29 30 29 30 30 29 30 29
114=29 30 29 30 29 30 30 29 30 30 29 30
115=29 29 30 29 30 29 30 29 30 30 30 29
116=30 29 29 30 29 29 30 29 30 30 30 29
117=30 30 29 30 29 29 29 30 29 30 30 29
118=30 30 30 29 29 30 29 29 30 29 30 29
119=30 30 30 29 30 29 30 29 29 30 29 30
120=29 30 30 29 30 30 29 30 29 30 29 29
121=30 29 30 29 30 30 29 30 30 29 30 29
122=29 30 29 30 29 30 29 30 30 29 30 30
123=29 30 29 29 30 29 30 29 30 29 30 30
124=29 30 30 29 29 30 29 29 30 29 30 30
125=30 29 30 30 29 29 30 29 29 30 29 30
126=30 29 30 30 30 29 29 30 29 29 30 29
127=30 29 30 30 30 29 30 29 30 29 29 30
128=29 30 29 30 30 29 30 30 29 30 29 29
129=30 29 30 29 30 29 30 30 29 30 30 29
130=29 30 29 30 29 30 29 30 30 29 30 29
131=30 29 30 29 30 29 30 29 30 29 30 29
132=30 30 29 30 30 29 29 30 29 30 29 29
133=30 30 30 29 30 30 29 29 30 29 29 30
134=29 30 30 29 30 30 30 29 29 30 29 29
135=30 29 30 29 30 30 30 29 30 29 30 29
136=29 30 29 30 29 30 30 29 30 30 29 30
137=29 29 30 29 30 29 30 29 30 30 30 29
138=30 29 29 30 29 30 29 30 29 30 30 29
139=30 29 30 29 30 29 30 29 30 29 30 29
140=30 30 29 30 29 30 29 30 29 30 29 30
141=29 30 29 30 30 29 30 29 30 29 30 29
142=29 30 29 30 30 29 30 30 29 30 29 30
143=29 29 30 29 30 29 30 30 30 29 30 29
144=30 29 29 30 29 30 29 30 30 29 30 30
145=29 30 29 29 30 29 29 30 30 29 30 30
146=30 29 30 29 29 30 29 30 29 30 29 30
147=30 29 30 30 29 29 30 29 30 29 30 29
148=30 29 30 30 29 30 29 30 29 30 29 30
149=29 30 29 30 29 30 30 29 30 29 30 29
150=30 29 30 29 29 30 30 29 30 30 29 30
151=29 30 29 29 30 29 30 29 30 30 30 29
152=30 29 30 29 29 30 29 30 29 30 30 29
153=30 30 29 30 29 29 30 29 29 30 30 29
154=30 30 30 29 30 29 29 30 29 29 30 30
155=29 30 30 30 29 30 29 29 30 29 29 30
156=29 30 30 30 29 30 29 30 29 30 29 30
157=29 30 29 30 29 30 30 29 30 29 30 29
158=30 29 30 29 29 30 30 29 30 29 30 30
159=29 30 29 30 29 29 30 29 30 30 29 30
160=30 29 30 29 30 29 29 30 29 30 29 30
161=30 29 30 30 29 30 29 29 30 29 29 30
162=30 29 30 30 30 29 30 29 29 30 29 29
163=30 29 30 30 30 30 29 30 29 29 30 29
164=29 30 29 30 30 30 29 30 30 29 29 30
165=29 29 30 29 30 30 29 30 30 29 30 29
166=30 29 30 29 29 30 29 30 30 29 30 30
167=29 30 29 30 29 30 29 29 30 29 30 30
168=29 30 30 29 30 29 30 29 29 30 29 30
169=29 30 30 29 30 30 29 30 29 29 30 29
170=30 29 30 29 30 30 30 29 30 29 29 30
171=29 29 30 29 30 30 30 30 29 30 29 29
172=30 29 29 30 29 30 30 30 29 30 30 29
173=29 30 29 29 30 29 30 30 29 30 30 29
174=30 29 30 29 29 30 29 30 29 30 30 30
175=29 30 29 30 29 29 30 29 30 29 30 30
176=29 30 29 30 30 29 30 29 29 30 29 30
177=29 30 29 30 30 29 30 30 29 30 29 29
178=30 29 30 29 30 29 30 30 30 29 30 29
179=29 30 29 29 30 30 29 30 30 30 29 30
180=29 29 30 29 29 30 29 30 30 30 29 30
181=30 29 29 30 29 29 30 29 30 30 29 30
182=30 30 29 29 30 29 29 30 29 30 29 30
183=30 30 29 30 29 30 29 29 30 29 30 29
184=30 30 29 30 30 29 30 29 29 30 29 30
185=29 30 29 30 30 29 30 29 30 30 29 29
186=30 29 30 29 30 29 30 30 29 30 30 29
187=30 29 29 30 29 30 29 30 29 30 30 29
188=30 30 29 29 30 29 29 30 29 30 30 30
189=29 30 30 29 29 30 29 29 30 29 30 30
190=29 30 30 30 29 29 30 29 29 30 29 30
191=29 30 30 30 29 30 29 30 29 29 30 29
192=30 29 30 30 29 30 30 29 30 29 29 30
193=29 30 29 30 29 30 30 29 30 30 29 29
194=30 29 30 29 30 29 30 29 30 30 29 30
195=29 30 29 30 29 30 29 30 29 30 29 30
196=30 29 30 29 30 29 30 29 29 30 29 30
197=30 30 29 30 30 29 29 30 29 29 30 29
198=30 30 29 30 30 30 29 29 30 29 29 30
199=29 30 29 30 30 30 29 30 29 30 29 29
200=30 29 30 29 30 30 29 30 30 29 30 29
201=29 30 29 30 29 30 29 30 30 30 29 30
202=29 29 30 29 30 29 30 29 30 30 29 30
203=29 30 29 30 29 30 29 30 29 30 29 30
204=30 29 30 29 30 29 30 29 30 29 30 29
205=30 29 30 30 29 30 29 30 29 30 29 29
206=30 29 30 30 29 30 30 29 30 29 30 29
207=29 30 29 30 29 30 30 30 29 30 29 30
208=29 29 30 29 30 29 30 30 29 30 30 29
209=30 29 29 30 29 29 30 30 29 30 30 30
210=29 30 29 29 30 29 29 30 30 29 30 30
211=29 30 30 29 29 30 29 30 29 30 29 30
212=29 30 30 29 30 29 30 29 30 29 30 29
213=30 29 30 29 30 30 29 30 29 30 29 30
214=29 29 30 29 30 30 29 30 30 29 30 29
215=30 29 29 30 29 30 29 30 30 30 29 30
216=29 30 29 29 30 29 30 29 30 30 29 30
217=30 29 30 29 29 30 29 29 30 30 29 30
218=30 30 29 30 29 29 30 29 29 30 30 29
219=30 30 30 29 30 29 29 30 29 29 30 29
220=30 30 30 29 30 29 30 29 30 29 30 29
221=29 30 30 29 30 30 29 30 29 30 29 30
222=29 30 29 29 30 30 29 30 29 30 30 29
223=30 29 30 29 29 30 29 30 29 30 30 30
224=29 30 29 30 29 29 30 29 30 29 30 30
225=29 30 30 29 30 29 29 30 29 29 30 30
226=29 30 30 30 29 30 29 29 30 29 29 30
227=29 30 30 30 30 29 30 29 29 30 29 29
228=30 29 30 30 30 29 30 30 29 29 30 29
229=29 30 29 30 30 29 30 30 29 30 29 30
230=29 29 30 29 30 29 30 30 29 30 30 29
231=30 29 30 29 29 30 29 30 29 30 30 29
232=30 30 29 30 29 30 29 29 30 29 30 29
233=30 30 29 30 30 29 30 29 29 30 29 29
234=30 30 29 30 30 30 29 30 29 29 30 29
235=29 30 29 30 30 30 30 29 30 29 29 30
236=29 29 30 29 30 30 30 29 30 30 29 29
237=30 29 29 30 29 30 30 29 30 30 29 30
238=29 30 29 29 30 29 30 29 30 30 29 30
239=30 29 30 29 29 30 29 30 29 30 30 29
240=30 29 30 30 29 30 29 29 30 29 30 29
241=30 29 30 30 29 30 30 29 30 29 29 30
242=29 30 29 30 29 30 30 30 29 30 29 29
243=30 29 29 30 29 30 30 30 30 29 30 29
244=29 30 29 29 30 29 30 30 30 29 30 30
245=29 29 30 29 29 30 29 30 30 29 30 30
246=29 30 29 30 29 29 30 29 30 29 30 30
247=30 29 30 29 30 29 29 30 29 30 29 30
248=30 29 30 30 29 30 29 29 30 29 30 29
249=30 29 30 30 29 30 29 30 29 30 29 30
250=29 30 29 30 29 30 30 29 30 29 30 30
251=29 29 30 29 29 30 30 29 30 30 29 30
252=30 29 29 30 29 29 30 29 30 30 30 29
253=30 30 29 29 30 29 29 30 29 30 30 29
254=30 30 29 30 29 30 29 29 30 29 30 29
255=30 30 30 29 30 29 30 29 29 30 29 30
256=29 30 30 29 30 30 29 30 29 29 30 29
257=30 29 30 29 30 30 29 30 29 30 29 30
258=29 30 29 30 29 30 29 30 30 29 30 29
259=30 29 30 29 30 29 30 29 30 29 30 30
260=29 30 29 30 29 30 29 29 30 29 30 30
261=30 29 30 30 29 29 30 29 29 30 29 30
262=29 30 30 30 29 30 29 30 29 29 30 29
263=30 29 30 30 30 29 30 29 30 29 29 30
264=29 30 29 30 30 29 30 30 29 30 29 29
265=30 29 30 29 30 29 30 30 30 29 30 29
266=29 30 29 30 29 30 29 30 30 29 30 29
267=30 29 30 29 30 29 30 29 30 29 30 29
268=30 30 29 30 29 30 29 30 29 29 30 30
269=29 30 30 29 30 29 30 29 30 29 29 30
270=29 30 30 29 30 30 29 30 29 30 29 29
271=30 29 30 29 30 30 30 29 30 29 30 29
272=29 30 29 29 30 30 30 29 30 30 29 30
273=29 29 30 29 29 30 30 29 30 30 30 29
274=30 29 29 30 29 29 30 30 29 30 30 29
275=30 29 30 29 30 29 30 29 30 29 30 29
276=30 30 29 30 29 30 29 30 29 30 29 30
277=29 30 29 30 30 29 30 29 30 29 30 29
278=29 30 29 30 30 29 30 30 29 30 29 30
279=29 29 30 29 30 29 30 30 30 29 30 29
280=30 29 29 30 29 29 30 30 30 29 30 30
281=29 30 29 29 30 29 29 30 30 29 30 30
282=30 29 30 29 29 30 29 29 30 29 30 30
283=30 29 30 30 29 29 30 29 29 30 29 30
284=30 29 30 30 29 30 29 30 29 29 30 29
285=30 30 29 30 29 30 30 29 30 29 30 29
286=29 30 29 30 30 29 30 29 30 30 29 30
287=29 30 29 29 30 29 30 29 30 30 30 29
288=30 29 30 29 29 30 29 30 29 30 30 29
289=30 30 29 30 29 29 30 29 29 30 30 29
290=30 30 30 29 30 29 29 30 29 29 30 29
291=30 30 30 30 29 30 29 29 30 29 29 30
292=29 30 30 30 29 30 29 30 29 30 29 29
293=30 29 30 30 29 30 30 29 30 29 30 29
294=29 30 29 30 29 30 30 29 30 30 29 30
295=29 30 29 29 30 29 30 29 30 30 29 30
296=30 29 30 29 30 29 29 30 29 30 29 30
297=30 29 30 30 29 30 29 29 30 29 29 30
298=30 29 30 30 30 29 30 29 29 30 29 29
299=30 29 30 30 30 30 29 30 29 29 30 29
300=29 30 29 30 30 30 29 30 30 29 29 30
301=29 29 30 29 30 30 29 30 30 29 30 29
302=30 29 29 30 29 30 29 30 30 29 30 30
303=29 30 29 29 30 29 30 29 30 29 30 30
304=29 30 30 29 30 29 29 30 29 30 29 30
305=29 30 30 29 30 30 29 30 29 29 30 29
306=30 29 30 29 30 30 30 29 30 29 29 30
307=29 29 30 29 30 30 30 29 30 30 29 29
308=30 29 29 30 29 30 30 30 29 30 30 29
309=29 30 29 29 30 29 30 30 29 30 30 29
310=30 29 30 29 29 30 29 30 29 30 30 30
311=29 30 29 30 29 29 30 29 30 29 30 30
312=29 30 30 29 30 29 29 30 29 30 29 30
313=29 30 30 29 30 29 30 29 30 29 30 29
314=30 29 30 29 30 30 29 30 29 30 29 30
315=29 30 29 29 30 30 29 30 30 29 30 30
316=29 29 30 29 29 30 29 30 30 30 29 30
317=30 29 29 30 29 29 30 29 30 29 30 30
318=30 29 30 29 30 29 29 30 29 30 29 30
319=30 30 29 30 29 30 29 29 30 29 30 29
320=30 30 29 30 30 29 30 29 29 30 29 30
321=29 30 29 30 30 29 30 29 30 29 30 29
322=30 29 30 29 30 29 30 30 29 30 29 30
323=29 30 29 30 29 30 29 30 29 30 30 29
324=30 29 30 29 30 29 29 30 29 30 30 30
325=29 30 29 30 29 30 29 29 30 29 30 29
326=30 30 30 29 30 29 30 29 29 30 29 30
327=29 30 30 30 29 30 29 30 29 29 30 29
328=29 30 30 30 29 30 30 29 30 29 29 30
329=29 29 30 30 29 30 30 29 30 30 29 29
330=30 29 30 29 30 29 30 30 29 30 29 30
331=29 30 29 30 29 30 29 30 29 30 29 30
332=30 29 30 29 30 29 30 29 29 30 29 30
333=30 30 29 30 29 30 29 30 29 29 30 29
334=30 30 29 30 30 29 30 29 30 29 29 30
335=29 30 29 30 30 30 29 30 29 30 29 29
336=30 29 29 30 30 30 29 30 30 29 30 29
337=29 30 29 29 30 30 29 30 30 30 29 30
338=29 29 30 29 29 30 30 29 30 30 29 30
339=29 30 29 30 29 29 30 29 30 30 29 30
340=30 29 30 29 30 29 30 29 29 30 29 30
341=30 29 30 30 29 30 29 30 29 30 29 29
342=30 29 30 30 29 30 30 29 30 29 30 29
343=29 30 29 30 29 30 30 30 29 30 29 30
344=29 29 30 29 29 30 30 30 29 30 30 29
345=30 29 29 30 29 29 30 30 29 30 30 30
346=29 30 29 29 30 29 29 30 29 30 30 30
347=29 30 29 30 29 30 29 29 30 29 30 30
348=29 30 30 29 30 29 30 29 29 30 29 30
349=30 29 30 29 30 30 29 30 29 30 29 29
350=30 29 30 29 30 30 29 30 30 29 30 29
351=30 29 29 30 29 30 29 30 30 30 29 30
352=29 30 29 29 30 29 29 30 30 30 29 30
353=30 29 30 29 29 30 29 29 30 30 29 30
354=30 30 29 30 29 29 30 29 29 30 29 30
355=30 30 29 30 30 29 29 30 29 29 30 29
356=30 30 30 29 30 29 30 29 30 29 29 30
357=29 30 30 29 30 30 29 30 29 30 29 29
358=30 29 30 29 30 30 29 30 29 30 30 29
359=30 29 29 30 29 30 29 30 30 29 30 29
360=30 30 29 29 30 29 30 29 30 29 30 30
361=29 30 30 29 30 29 29 30 29 29 30 30
362=29 30 30 30 29 30 29 29 30 29 29 30
363=29 30 30 30 29 30 30 29 29 30 29 29
364=30 29 30 30 30 29 30 29 30 29 30 29
365=29 30 29 30 30 29 30 30 29 30 29 30
366=29 29 30 29 30 29 30 30 29 30 30 29
367=30 29 29 30 29 30 29 30 29 30 30 29
368=30 29 30 29 30 29 30 29 30 29 30 29
369=30 30 29 30 30 29 29 30 29 30 29 29
370=30 30 29 30 30 30 29 30 29 29 30 29
371=29 30 29 30 30 30 29 30 30 29 29 30
372=29 29 30 29 30 30 30 29 30 30 29 29
373=30 29 29 30 29 30 29 30 30 30 29 30
374=29 30 29 29 30 29 30 29 30 30 30 29
375=30 29 30 29 29 30 29 30 29 30 30 29
376=30 29 30 29 30 29 30 29 30 29 30 29
377=30 30 29 30 29 30 29 30 29 30 29 30
378=29 30 29 30 29 30 30 29 30 29 30 29
379=30 29 29 30 29 30 30 30 29 30 29 30
380=29 30 29 29 30 29 30 30 30 29 30 29
381=30 29 30 29 29 30 29 30 29 30 30 30
382=29 30 29 30 29 29 30 29 30 29 30 30
383=30 29 30 29 30 29 29 30 29 30 29 30
384=30 29 30 30 29 30 29 29 30 29 30 29
385=30 29 30 30 29 30 29 30 29 30 29 30
386=29 30 29 30 29 30 30 29 30 29 30 29
387=30 29 30 29 29 30 30 29 30 30 29 30
388=29 30 29 30 29 29 30 29 30 30 30 29
389=30 29 30 29 30 29 29 30 29 30 29 30
390=30 30 29 30 29 30 29 29 30 29 30 29
391=30 30 30 29 30 29 30 29 29 30 29 29
392=30 30 30 29 30 30 29 30 29 29 30 29
393=29 30 30 29 30 30 29 30 29 30 29 30
394=29 29 30 30 29 30 29 30 30 29 30 29
395=30 29 30 29 30 29 30 29 30 29 30 30
396=29 30 29 30 29 30 29 29 30 29 30 30
397=29 30 30 29 30 29 30 29 29 30 29 30
398=29 30 30 30 29 30 29 30 29 29 30 29
399=30 29 30 30 30 29 30 29 30 29 29 29
400=30 29 30 30 30 29 30 30 29 30 29 29
401=29 30 29 30 30 29 30 30 30 29 29 30
402=29 30 29 29 30 30 29 30 30 29 30 29
403=30 29 30 29 29 30 29 30 30 29 30 30
404=29 30 29 30 29 30 29 29 30 29 30 30
405=29 30 30 29 30 29 30 29 29 30 29 30
406=29 30 30 29 30 30 29 30 29 30 29 29
407=30 29 30 29 30 30 30 29 30 29 30 29
408=29 30 29 29 30 30 30 29 30 30 29 30
409=29 29 29 30 29 30 30 29 30 30 30 29
410=30 29 29 29 30 29 30 29 30 30 30 29
411=30 29 30 29 30 29 29 30 29 30 30 29
412=30 30 29 30 29 30 29 29 30 29 30 29
413=30 30 29 30 30 29 30 29 30 29 29 30
414=29 30 29 30 30 29 30 30 29 30 29 29
415=30 29 30 29 30 29 30 30 30 29 30 29
416=30 29 29 30 29 29 30 30 30 29 30 30
417=29 30 29 29 29 30 29 30 30 29 30 30
418=30 29 30 29 29 29 30 29 30 29 30 30
419=30 29 30 30 29 29 29 30 29 30 29 30
420=30 29 30 30 29 30 29 30 29 29 30 29
421=30 30 29 30 30 29 30 29 30 29 29 30
422=29 30 29 30 30 29 30 29 30 30 29 29
423=30 29 30 29 30 29 30 30 29 30 29 30
424=30 29 29 30 29 30 29 30 29 30 30 29
425=30 30 29 30 29 29 30 29 29 30 30 29
426=30 30 30 29 30 29 29 29 30 29 30 29
427=30 30 30 29 30 30 29 29 29 30 29 30
428=29 30 30 30 29 30 29 30 29 29 30 29
429=30 29 30 29 30 30 30 29 30 29 30 29
430=29 30 29 30 29 30 30 29 30 30 29 30
431=29 29 30 29 30 29 30 29 30 30 29 30
432=29 30 29 30 29 30 29 30 29 30 29 30
433=30 29 30 29 30 29 30 29 30 29 29 30
434=30 29 30 30 30 29 29 30 29 30 29 29
435=30 29 30 30 30 29 30 30 29 29 30 29
436=29 30 29 30 30 30 29 30 29 30 29 30
437=29 29 30 29 30 29 30 30 30 29 30 29
438=29 30 29 30 29 30 29 30 30 30 29 30
439=29 29 30 29 30 29 30 29 30 30 29 30
440=29 30 29 30 29 30 29 30 29 30 29 30
441=29 30 30 29 30 29 30 29 30 29 30 29
442=30 29 30 29 30 30 29 30 29 30 29 30
443=29 29 30 29 30 30 30 29 30 29 30 29
444=29 30 29 30 29 30 30 30 29 30 29 30
445=29 30 29 29 30 29 30 29 30 30 30 29
446=30 29 30 29 29 29 30 30 29 30 30 30
447=29 30 29 29 30 29 30 29 30 29 30 30
448=29 30 30 29 29 30 29 30 29 30 29 30
449=29 30 30 29 30 29 30 29 30 29 30 29
450=30 29 30 29 30 30 29 30 29 30 29 30
451=29 30 29 29 30 30 29 30 30 29 30 29
452=30 29 29 30 29 30 29 30 30 29 30 30
453=29 30 29 30 29 29 30 29 30 29 30 30
454=30 29 30 29 30 29 29 29 30 30 29 30
455=30 30 29 30 29 30 29 29 29 30 29 30
456=30 30 29 30 30 29 29 30 29 30 29 29
457=30 30 29 30 30 29 30 29 30 29 30 29
458=29 30 30 29 30 29 30 30 29 30 29 30
459=29 30 29 29 30 30 29 30 29 30 30 29
460=30 29 30 29 29 30 29 30 29 30 30 29
461=30 30 29 30 29 29 30 29 30 29 30 29
462=30 30 30 29 30 29 30 29 29 29 30 30
463=29 30 30 30 29 30 29 30 29 29 29 30
464=29 30 30 30 29 30 30 29 30 29 29 29
465=30 29 30 30 29 30 30 30 29 29 30 29
466=29 30 29 30 29 30 30 30 29 30 29 30
467=29 30 29 29 30 29 30 30 29 30 30 29
468=30 29 30 29 30 29 29 30 29 30 30 29
469=30 30 29 30 29 30 29 29 30 29 30 29
470=30 30 29 30 30 29 30 29 29 30 29 30
471=29 30 29 30 30 30 29 30 29 30 29 29
472=29 30 29 30 30 30 29 30 30 29 30 29
473=29 29 30 29 30 30 29 30 30 30 29 29
474=30 29 29 30 29 30 29 30 30 30 29 30
475=29 30 29 29 30 29 30 29 30 30 29 30
476=30 29 30 29 30 29 29 30 29 30 29 30
477=30 29 30 30 29 30 29 29 30 29 30 29
478=30 29 30 30 29 30 30 29 30 29 29 30
479=29 30 29 30 29 30 30 29 30 30 29 29
480=30 29 29 30 29 30 30 30 29 30 30 29
481=30 29 29 29 30 29 30 30 29 30 30 30
482=29 30 29 29 29 30 29 30 29 30 30 30
483=29 30 29 30 29 29 30 29 30 29 30 30
484=29 30 30 29 30 29 29 30 29 30 29 30
485=29 30 30 30 29 30 29 29 30 29 30 29
486=30 29 30 30 29 30 29 30 30 29 29 30
487=29 30 29 30 29 30 29 30 30 29 30 30
488=29 29 30 29 30 29 30 29 30 30 29 30
489=30 29 29 30 29 29 30 29 30 30 29 30
490=30 30 29 30 29 29 29 30 29 30 29 30
491=30 30 29 30 29 30 29 29 30 29 30 29
492=30 30 30 29 30 29 30 29 29 30 29 30
493=29 30 29 30 30 30 29 30 29 29 30 29
494=30 29 30 29 30 30 29 30 29 30 29 30
495=29 30 29 30 29 30 29 30 30 29 30 29
496=30 29 30 29 30 29 30 29 30 29 30 30
497=29 30 29 30 29 30 29 29 30 29 30 30
498=29 30 30 29 30 29 30 29 29 30 29 30
499=29 30 30 30 29 30 29 30 29 29 30 29
500=30 29 30 30 30 29 30 29 30 29 29 30
501=29 30 29 30 29 30 30 30 29 30 29 29
502=30 29 30 29 30 29 30 30 29 30 30 29
503=29 30 29 30 29 30 29 30 29 30 30 29
504=30 29 30 29 30 29 30 29 30 29 30 29
505=30 30 29 30 29 30 29 30 29 30 29 29
506=30 30 29 30 30 29 30 29 30 29 29 30
507=29 30 29 30 30 30 29 30 29 30 29 29
508=30 29 30 29 30 30 29 30 30 29 30 29
509=29 30 29 29 30 30 29 30 30 30 29 30
510=29 29 30 29 29 30 30 29 30 30 30 29
511=30 29 29 30 29 29 30 29 30 30 30 29
512=30 29 30 29 30 29 30 29 30 29 30 29
513=30 30 29 30 29 30 29 30 29 30 29 30
514=29 30 29 30 30 29 30 29 30 29 30 29
515=29 30 29 30 30 29 30 30 29 30 29 30
516=29 29 30 29 30 29 30 30 29 30 30 29
517=30 29 29 30 29 29 30 30 29 30 30 30
518=29 30 29 29 30 29 29 30 29 30 30 30
519=30 29 30 29 29 30 29 29 30 29 30 30
520=30 29 30 30 29 29 30 29 29 30 29 30
521=30 29 30 30 29 30 29 30 29 30 29 29
522=30 30 29 30 29 30 30 29 30 29 30 29
523=30 29 29 30 29 30 30 29 30 30 29 30
524=29 30 29 29 30 29 30 29 30 30 29 30
525=30 29 30 29 29 30 29 30 29 30 29 30
526=30 30 29 30 29 29 30 29 29 30 30 29
527=30 30 30 29 30 29 29 30 29 29 30 29
528=30 30 30 29 30 30 29 29 30 29 29 30
529=29 30 30 29 30 30 29 30 29 30 29 29
530=30 29 30 29 30 30 30 29 30 29 30 29
531=30 29 29 30 29 30 30 29 30 29 30 30
532=29 30 29 29 30 29 30 29 30 30 29 30
533=29 30 30 29 30 29 29 30 29 30 29 30
534=30 29 30 30 29 30 29 29 30 29 29 30
535=30 29 30 30 30 29 30 29 29 30 29 29
536=30 29 30 30 30 29 30 30 29 29 30 29
537=29 30 29 30 30 29 30 30 30 29 29 30
538=29 29 30 29 30 29 30 30 30 29 30 29
539=30 29 29 30 29 30 29 30 30 29 30 30
540=29 30 29 29 30 29 30 29 30 29 30 30
541=29 30 29 30 30 29 29 30 29 30 29 30
542=29 30 30 29 30 30 29 30 29 29 30 29
543=30 29 30 29 30 30 29 30 30 29 29 30
544=29 29 30 29 30 30 30 29 30 30 29 29
545=30 29 29 30 29 30 30 29 30 30 30 29
546=29 30 29 29 30 29 30 29 30 30 30 29
547=30 29 30 29 29 30 29 30 29 30 30 29
548=30 30 29 30 29 29 30 29 30 29 30 29
549=30 30 29 30 30 29 29 30 29 30 29 30
550=29 30 29 30 30 29 30 29 30 29 30 29
551=30 29 30 29 30 29 30 30 29 30 30 29
552=29 30 29 29 30 29 30 30 30 29 30 30
553=29 29 30 29 29 30 29 30 30 29 30 30
554=30 29 29 30 29 29 30 29 30 29 30 30
555=30 29 30 29 30 29 29 30 29 30 29 30
556=30 29 30 30 29 30 29 29 30 29 30 29
557=30 29 30 30 30 29 30 29 29 30 29 30
558=29 30 29 30 30 29 30 29 30 29 30 29
559=30 29 30 29 30 29 30 30 29 30 29 30
560=29 30 29 30 29 30 29 30 29 30 30 29
561=30 29 30 29 30 29 29 30 29 30 30 29
562=30 30 29 30 29 30 29 29 30 29 30 29
563=30 30 30 29 30 29 30 29 29 30 29 30
564=29 30 30 29 30 30 29 30 29 29 30 29
565=29 30 30 29 30 30 30 29 30 29 29 30
566=29 29 30 30 29 30 30 29 30 30 29 29
567=30 29 30 29 30 29 30 29 30 30 29 30
568=29 30 29 30 29 30 29 30 29 30 29 30
569=30 29 30 29 30 29 30 29 29 30 29 30
570=30 29 30 30 29 30 29 30 29 29 30 29
571=30 29 30 30 30 29 30 29 30 29 29 30
572=29 30 29 30 30 29 30 30 29 30 29 29
573=30 29 29 30 30 29 30 30 30 29 30 29
574=29 30 29 29 30 30 29 30 30 30 29 30
575=29 29 30 29 29 30 29 30 30 30 29 30
576=29 30 29 30 29 30 29 29 30 30 29 30
577=30 29 30 29 30 29 30 29 30 29 29 30
578=30 29 30 29 30 30 29 30 29 30 29 29
579=30 29 30 30 29 30 30 29 30 29 30 29
580=29 30 29 30 29 30 30 29 30 30 29 30
581=29 29 30 29 29 30 30 29 30 30 30 29
582=30 29 29 30 29 29 30 29 30 30 30 30
583=29 30 29 29 30 29 29 30 29 30 30 30
584=29 30 30 29 29 30 29 29 30 29 30 30
585=29 30 30 29 30 29 30 29 30 29 29 30
586=29 30 30 29 30 30 29 30 29 30 29 29
587=30 29 30 29 30 30 29 30 30 29 30 29
588=30 29 29 30 29 30 29 30 30 29 30 30
589=29 30 29 29 30 29 30 29 30 29 30 30
590=30 29 30 29 29 30 29 29 30 29 30 30
591=30 30 29 30 29 29 30 29 29 30 29 30
592=30 30 29 30 30 29 29 30 29 29 30 29
593=30 30 29 30 30 29 30 29 30 29 29 30
594=29 30 29 30 30 30 29 30 29 30 29 29
595=30 29 30 29 30 30 29 30 29 30 30 29
596=30 29 29 30 29 30 29 30 29 30 30 29
597=30 30 29 30 29 29 30 29 30 29 30 29
598=30 30 30 29 30 29 29 30 29 29 30 30
599=29 30 30 30 29 30 29 29 30 29 29 30
600=29 30 30 30 29 30 30 29 29 30 29 29
601=30 29 30 30 29 30 30 30 29 29 30 29
602=29 30 29 30 29 30 30 30 29 30 29 30
603=29 29 30 29 30 29 30 30 29 30 30 29
604=30 29 29 30 29 30 29 30 29 30 30 29
605=30 29 30 29 30 29 30 29 30 29 30 29
606=30 30 29 30 29 30 30 29 29 30 29 30
607=29 30 29 30 30 29 30 30 29 29 30 29
608=29 30 29 30 30 30 29 30 30 29 29 30
609=29 29 30 29 30 30 29 30 30 30 29 29
610=30 29 29 30 29 30 29 30 30 30 29 30
611=29 30 29 29 30 29 30 29 30 30 29 30
612=30 29 30 29 29 30 29 30 29 30 29 30
613=30 29 30 30 29 29 30 29 30 29 30 29
614=30 29 30 30 29 30 29 30 29 30 29 30
615=29 30 29 30 29 30 30 29 30 29 30 29
616=30 29 29 30 29 30 30 30 29 30 30 29
617=29 30 29 29 30 29 30 30 29 30 30 29
618=30 29 30 29 29 30 29 30 29 30 30 30
619=29 30 29 30 29 29 30 29 30 29 30 30
620=29 30 30 29 30 29 29 30 29 30 29 30
621=29 30 30 30 29 30 29 29 30 29 30 29
622=30 29 30 30 29 30 29 30 29 30 29 30
623=29 30 29 30 29 30 30 29 30 29 30 29
624=30 29 30 29 29 30 30 29 30 30 29 30
625=29 30 29 30 29 29 30 29 30 30 29 30
626=30 29 30 29 30 29 29 30 29 30 29 30
627=30 30 29 30 29 30 29 29 30 29 29 30
628=30 30 29 30 30 29 30 29 29 30 29 29
629=30 30 29 30 30 30 29 30 29 29 30 29
630=29 30 30 29 30 30 29 30 29 30 29 30
631=29 30 29 30 29 30 29 30 30 29 30 29
632=30 29 30 29 30 29 30 29 30 29 30 30
633=29 30 29 30 29 30 29 29 30 29 30 30
634=29 30 30 29 30 29 30 29 29 30 29 30
635=29 30 30 30 29 30 29 30 29 29 30 29
636=30 29 30 30 29 30 30 29 30 29 29 30
637=29 29 30 30 29 30 30 30 29 30 29 29
638=30 29 29 30 30 29 30 30 29 30 30 29
639=29 30 29 29 30 29 30 30 29 30 30 29
640=30 29 30 29 30 29 29 30 30 29 30 30
641=29 30 29 30 29 30 29 29 30 29 30 30
642=29 30 29 30 30 29 30 29 30 29 29 30
643=29 30 29 30 30 30 29 30 29 30 29 29
644=30 29 30 29 30 30 29 30 30 29 30 29
645=29 30 29 29 30 30 29 30 30 30 29 30
646=29 29 30 29 29 30 29 30 30 30 30 29
647=30 29 29 30 29 29 30 29 30 30 30 29
648=30 29 30 29 30 29 29 30 29 30 30 29
649=30 30 29 30 29 30 29 29 30 29 30 29
650=30 30 29 30 30 29 30 29 30 29 29 30
651=29 30 29 30 30 29 30 30 29 30 29 30
652=29 29 30 29 30 29 30 30 29 30 30 29
653=30 29 29 30 29 29 30 30 29 30 30 30
654=29 30 29 29 30 29 29 30 29 30 30 30
655=30 29 30 29 29 30 29 29 30 29 30 30
656=30 29 30 30 29 29 30 29 29 30 29 30
657=30 29 30 30 29 30 29 30 29 29 30 29
658=30 29 30 30 29 30 30 29 30 29 29 30
659=29 30 29 30 30 29 30 29 30 30 29 30
660=29 29 30 29 30 29 30 29 30 30 29 30
661=30 29 30 29 29 30 29 30 29 30 29 30
662=30 30 29 30 29 29 30 29 29 30 29 30
663=30 30 30 29 30 29 29 30 29 29 30 29
664=30 30 30 29 30 30 29 29 30 29 29 30
665=29 30 30 29 30 30 29 30 29 30 29 29
666=30 29 30 29 30 30 30 29 30 29 30 29
667=29 30 29 30 29 30 30 29 30 30 29 30
668=29 29 30 29 30 29 30 29 30 30 29 30
669=29 30 29 30 29 30 29 30 29 30 29 30
670=30 29 30 29 30 29 30 29 30 29 29 30
671=30 29 30 30 29 30 30 29 29 30 29 29
672=30 29 30 30 30 29 30 30 29 29 30 29
673=29 30 29 30 30 29 30 30 29 30 29 30
674=29 29 30 29 30 29 30 30 30 29 30 29
675=30 29 29 30 29 30 29 30 30 29 30 30
676=29 30 29 29 30 29 30 29 30 29 30 30
677=29 30 29 30 29 30 29 30 29 30 29 30
678=29 30 30 29 30 29 30 29 30 29 30 29
679=30 29 30 29 30 30 29 30 29 30 29 30
680=29 29 30 29 30 30 30 29 30 29 30 29
681=30 29 29 30 29 30 30 29 30 30 29 30
682=29 30 29 29 30 29 30 29 30 30 30 29
683=30 29 30 29 29 30 29 29 30 30 30 29
684=30 30 29 30 29 29 30 29 29 30 30 29
685=30 30 30 29 30 29 29 30 29 30 29 30
686=29 30 30 29 30 29 30 29 30 29 30 29
687=30 29 30 29 30 29 30 30 29 30 29 30
688=29 30 29 29 30 30 29 30 30 29 30 29
689=30 29 30 29 29 30 29 30 30 29 30 30
690=29 30 29 30 29 29 30 29 30 29 30 30
691=30 29 30 29 30 29 29 30 29 29 30 30
692=30 29 30 30 29 30 29 29 30 29 29 30
693=30 29 30 30 30 29 30 29 29 30 29 29
694=30 30 29 30 30 29 30 29 30 29 30 29
695=30 29 30 29 30 29 30 30 29 30 29 30
696=29 30 29 30 29 30 29 30 29 30 30 29
697=30 29 30 29 30 29 29 30 29 30 30 29
698=30 30 29 30 29 30 29 29 30 29 30 29
699=30 30 30 29 30 29 30 29 29 30 29 29
700=30 30 30 29 30 30 29 30 29 29 30 29
701=29 30 30 29 30 30 30 29 30 29 29 30
702=29 29 30 29 30 30 30 29 30 30 29 29
703=30 29 29 30 29 30 30 29 30 30 29 30
704=29 30 29 29 30 29 30 30 29 30 29 30
705=30 29 30 29 30 29 29 30 29 30 30 29
706=30 29 30 30 29 30 29 30 29 29 30 29
707=30 29 30 30 30 29 30 29 30 29 29 30
708=29 30 29 30 30 29 30 30 29 30 29 29
709=30 29 29 30 30 29 30 30 30 29 30 29
710=29 30 29 29 30 29 30 30 30 30 29 30
711=29 29 30 29 29 30 29 30 30 30 29 30
712=29 30 29 30 29 29 30 29 30 30 29 30
713=30 29 30 29 30 29 29 30 29 30 29 30
714=30 29 30 30 29 30 29 30 29 29 30 29
715=30 29 30 30 29 30 30 29 30 29 29 30
716=29 30 29 30 29 30 30 29 30 30 29 30
717=29 29 30 29 29 30 30 29 30 30 30 29
718=30 29 29 30 29 29 30 29 30 30 30 30
719=29 30 29 29 30 29 29 30 29 30 30 30
720=29 30 30 29 29 30 29 29 30 29 30 30
721=29 30 30 29 30 29 30 29 29 30 29 30
722=29 30 30 29 30 30 29 30 29 29 30 29
723=30 29 30 29 30 30 29 30 29 30 29 30
724=29 30 29 30 29 30 29 30 30 29 30 30
725=29 29 30 29 30 29 30 29 30 29 30 30
726=30 29 30 29 29 30 29 29 30 29 30 30
727=30 29 30 30 29 29 30 29 29 30 29 30
728=30 30 29 30 30 29 29 30 29 29 30 29
729=30 30 29 30 30 29 30 29 30 29 29 30
730=29 30 29 30 30 30 29 30 29 30 29 29
731=30 29 30 29 30 30 29 30 29 30 30 29
732=29 30 29 30 29 30 29 30 30 29 30 29
733=30 29 30 29 30 29 30 29 30 29 30 30
734=29 30 29 30 29 30 29 30 29 29 30 30
735=29 30 30 29 30 30 29 29 30 29 29 30
736=29 30 30 30 29 30 30 29 29 30 29 29
737=30 29 30 29 30 30 30 29 30 29 30 29
738=29 30 29 30 29 30 30 30 29 30 29 30
739=29 29 30 29 30 29 30 30 29 30 30 29
740=30 29 29 30 29 30 29 30 29 30 30 29
741=30 29 30 29 30 29 30 29 30 29 30 29
742=30 30 29 30 29 30 29 30 29 30 29 30
743=29 30 29 30 30 29 30 29 30 29 30 29
744=29 30 29 30 30 30 29 30 29 30 29 30
745=29 29 30 29 30 30 29 30 30 29 30 29
746=30 29 29 30 29 30 29 30 30 30 29 30
747=29 30 29 29 30 29 29 30 30 30 29 30
748=30 29 30 29 29 30 29 29 30 30 29 30
749=30 29 30 29 30 29 30 29 30 29 30 29
750=30 30 29 30 29 30 29 30 29 30 29 30
751=29 30 29 30 29 30 30 29 30 29 30 29
752=30 29 29 30 29 30 30 30 29 30 29 30
753=29 30 29 29 30 29 30 30 29 30 30 29
754=30 29 30 29 29 30 29 30 29 30 30 30
755=29 30 29 30 29 29 30 29 29 30 30 30
756=29 30 30 29 30 29 29 30 29 29 30 30
757=29 30 30 30 29 30 29 29 30 29 29 30
758=30 29 30 30 29 30 29 30 29 30 29 29
759=30 29 30 30 29 30 30 29 30 29 30 29
760=30 29 29 30 29 30 30 29 30 30 29 30
761=29 30 29 30 29 29 30 29 30 30 29 30
762=30 29 30 29 30 29 29 30 29 30 29 30
763=30 30 29 30 29 30 29 29 30 29 29 30
764=30 30 29 30 30 29 30 29 29 29 30 29
765=30 30 29 30 30 30 29 30 29 29 30 29
766=29 30 29 30 30 30 29 30 29 30 29 30
767=29 29 30 29 30 30 29 30 30 29 30 29
768=30 29 29 30 29 30 30 29 30 29 30 30
769=29 30 29 30 29 29 30 29 30 29 30 30
770=29 30 30 29 30 29 29 30 29 30 29 30
771=29 30 30 30 29 30 29 30 29 29 30 29
772=29 30 30 30 29 30 30 29 30 29 29 30
773=29 29 30 30 29 30 30 30 29 30 29 29
774=29 30 29 30 29 30 30 30 29 30 30 29
775=29 30 29 29 30 29 30 30 30 29 30 29
776=30 29 30 29 29 30 29 30 30 29 30 30
777=29 30 29 30 29 29 30 29 30 29 30 30
778=29 30 29 30 30 29 29 30 29 30 29 30
779=29 30 30 29 30 29 30 30 29 29 30 29
780=30 29 30 29 30 30 29 30 30 29 30 29
781=29 30 29 29 30 30 29 30 30 30 29 30
782=29 29 30 29 29 30 29 30 30 30 29 30
783=30 29 29 30 29 29 30 29 30 30 30 29
784=30 29 30 29 30 29 29 30 29 30 30 29
785=30 30 29 30 29 30 29 29 30 29 30 29
786=30 30 29 30 30 29 30 29 29 30 29 30
787=29 30 29 30 30 29 30 29 30 29 30 29
788=30 29 30 29 30 29 30 30 29 30 30 29
789=29 30 29 30 29 29 30 30 29 30 30 30
790=29 30 29 29 30 29 29 30 29 30 30 30
791=29 30 30 29 29 30 29 29 30 29 30 30
792=30 29 30 29 30 29 30 29 29 30 29 30
793=30 29 30 30 29 30 29 30 29 29 30 29
794=30 29 30 30 30 29 30 29 30 29 29 30
795=29 30 29 30 30 29 30 29 30 29 30 29
796=30 29 30 29 30 29 30 29 30 30 29 30
797=29 30 29 30 29 30 29 30 29 30 29 30
798=30 29 30 29 30 29 30 29 29 30 30 29
799=30 30 29 30 29 30 29 30 29 29 30 29
800=30 30 30 29 30 29 30 29 30 29 29 30
801=29 30 29 30 30 30 29 30 29 30 29 29
802=30 29 30 29 30 30 30 29 30 29 30 29
803=29 30 29 30 29 30 30 29 30 30 29 29
804=30 29 30 29 30 29 30 29 30 30 29 30
805=29 30 29 30 29 30 29 30 29 30 29 30
806=30 29 30 29 30 29 30 29 30 29 29 30
807=30 29 30 30 29 30 29 30 29 30 29 29
808=30 29 30 30 29 30 30 29 30 29 30 29
809=29 30 29 30 29 30 30 30 29 30 29 30
810=29 29 29 30 30 29 30 30 30 29 30 29
811=30 29 29 29 30 29 30 30 30 29 30 30
812=29 30 29 29 30 29 29 30 30 29 30 30
813=29 30 29 30 29 30 29 29 30 30 29 30
814=29 30 30 29 30 29 30 29 30 29 30 29
815=30 29 30 29 30 30 29 30 29 30 29 29
816=30 29 30 29 30 30 29 30 30 29 30 29
817=30 29 29 30 29 30 30 29 30 30 29 30
818=29 30 29 29 30 29 30 29 30 30 30 29
819=30 29 30 29 29 29 30 29 30 30 30 29
820=30 30 29 30 29 29 29 30 29 30 30 29
821=30 30 30 29 29 30 29 30 29 29 30 29
822=30 30 30 29 30 29 30 29 30 29 29 30
823=29 30 30 29 30 30 29 30 29 30 29 30
824=29 29 30 29 30 30 29 30 30 29 30 29
825=30 29 29 30 29 30 29 30 30 29 30 30
826=29 30 29 30 29 29 30 29 30 29 30 30
827=30 29 30 29 30 29 29 29 30 29 30 30
828=30 29 30 30 29 30 29 29 29 30 29 30
829=30 29 30 30 30 29 30 29 29 29 30 29
830=30 29 30 30 30 29 30 29 30 29 29 30
831=29 30 29 30 30 29 30 30 29 30 29 30
832=29 29 30 29 30 29 30 30 29 30 30 29
833=30 29 29 30 29 30 29 30 29 30 30 29
834=30 30 29 30 29 29 30 29 30 29 30 29
835=30 30 30 29 30 29 30 29 29 30 29 29
836=30 30 30 29 30 30 29 30 29 29 29 30
837=29 30 30 29 30 30 30 29 30 29 29 29
838=30 29 30 29 30 30 30 29 30 29 30 29
839=29 30 29 30 29 30 30 29 30 30 29 30
840=29 29 30 29 30 29 30 30 29 30 30 29
841=30 29 30 29 29 30 29 30 29 30 30 29
842=30 29 30 30 29 29 30 29 30 29 30 29
843=30 29 30 30 29 30 30 29 29 30 29 30
844=29 30 29 30 30 29 30 30 29 29 30 29
845=29 30 29 30 30 29 30 30 30 29 30 29
846=29 29 30 29 30 29 30 30 30 29 30 29
847=30 29 29 30 29 30 29 30 30 30 29 30
848=29 30 29 29 30 29 30 29 30 30 29 30
849=30 29 30 29 29 30 29 30 29 30 29 30
850=30 29 30 30 29 29 30 29 30 29 30 29
851=30 29 30 30 29 30 29 30 29 30 29 30
852=29 30 29 30 29 30 30 29 30 29 30 29
853=30 29 30 29 29 30 30 29 30 30 29 30
854=29 30 29 29 30 29 30 29 30 30 30 29
855=30 29 30 29 29 30 29 30 29 30 30 30
856=29 30 29 30 29 29 30 29 30 29 30 30
857=29 30 30 29 30 29 29 30 29 30 29 30
858=29 30 30 29 30 30 29 29 30 29 30 29
859=30 29 30 29 30 30 29 30 29 30 29 30
860=29 30 29 30 29 30 29 30 30 29 30 29
861=30 29 30 29 30 29 30 29 30 29 30 30
862=29 30 29 30 29 29 30 29 30 29 30 30
863=30 29 30 29 30 29 29 30 29 30 29 30
864=30 30 29 30 29 30 29 29 30 29 30 29
865=30 29 30 30 30 29 30 29 29 30 29 29
866=30 30 29 30 30 30 29 30 29 29 30 29
867=29 30 30 29 30 30 29 30 30 29 29 30
868=29 30 29 30 29 30 29 30 30 29 30 29
869=30 29 30 29 30 29 30 29 30 29 30 30
870=29 30 29 30 29 30 29 29 30 29 30 30
871=29 30 30 29 30 29 30 29 29 30 29 30
872=29 30 30 29 30 30 29 30 29 29 30 29
873=30 29 30 29 30 30 30 29 30 29 29 30
874=29 29 30 30 29 30 30 30 29 30 29 29
875=30 29 29 30 29 30 30 30 29 30 30 29
876=29 30 29 29 30 29 30 30 29 30 30 29
877=30 29 30 29 30 29 29 30 30 29 30 29
878=30 30 29 30 29 30 29 30 29 29 30 30
879=29 30 29 30 30 29 30 29 30 29 29 30
880=29 30 29 30 30 29 30 30 29 30 29 29
881=30 29 30 29 30 30 29 30 30 29 30 29
882=29 30 29 29 30 30 29 30 30 30 29 30
883=29 29 30 29 29 30 29 30 30 30 29 30
884=30 29 29 30 29 29 30 29 30 30 29 30
885=30 29 30 29 30 29 29 30 29 30 29 30
886=30 30 29 30 29 30 29 30 29 29 30 29
887=30 30 29 30 30 29 30 29 30 29 30 29
888=29 30 29 30 30 29 30 29 30 30 29 30
889=29 29 30 29 30 29 30 30 29 30 30 29
890=30 29 29 30 29 29 30 30 29 30 30 30
891=29 30 29 29 30 29 29 30 29 30 30 30
892=29 30 30 29 29 30 29 29 30 29 30 30
893=29 30 30 30 29 29 30 29 29 30 29 30
894=29 30 30 30 29 30 29 30 29 29 30 29
895=30 29 30 30 29 30 30 29 30 29 29 30
896=29 30 29 30 29 30 30 29 30 30 29 30
897=29 29 30 29 30 29 30 29 30 30 29 30
898=30 29 30 29 29 30 29 30 29 30 29 30
899=30 30 29 30 29 29 30 29 29 30 29 30
900=30 30 29 30 30 29 29 30 29 29 30 29
901=30 30 29 30 30 30 29 29 30 29 29 30
902=29 30 29 30 30 30 29 30 29 30 29 29
903=30 29 30 29 30 30 29 30 30 29 30 29
904=29 30 29 30 29 30 29 30 30 29 30 30
905=29 29 30 29 30 29 30 29 30 30 29 30
906=29 30 29 30 29 30 29 30 29 30 29 30
907=29 30 30 29 30 30 29 29 30 29 30 29
908=29 30 30 30 29 30 30 29 29 30 29 29
909=30 29 30 30 29 30 30 30 29 29 30 29
910=29 30 29 30 29 30 30 30 29 30 29 30
911=29 29 30 29 30 29 30 30 30 29 30 29
912=30 29 29 30 29 30 29 30 30 29 30 30
913=29 30 29 29 30 29 30 29 30 29 30 30
914=29 30 29 30 29 30 29 30 29 30 29 30
915=29 30 30 29 30 29 30 29 30 29 30 29
916=30 29 30 29 30 30 29 30 29 30 29 30
917=29 29 30 29 30 30 29 30 30 29 30 29
918=30 29 29 30 29 30 29 30 30 30 29 30
919=29 30 29 29 30 29 30 29 30 30 30 29
920=30 29 30 29 29 30 29 29 30 30 29 30
921=30 30 29 30 29 29 30 29 30 29 30 29
922=30 30 29 30 30 29 29 30 29 30 29 30
923=29 30 29 30 30 29 30 29 30 29 30 29
924=30 29 30 29 30 29 30 30 29 30 29 30
925=29 30 29 29 30 29 30 30 29 30 30 29
926=30 29 30 29 29 30 29 30 29 30 30 30
927=29 30 29 30 29 29 30 29 30 29 30 30
928=30 29 30 29 30 29 29 30 29 29 30 30
929=29 30 30 30 29 30 29 29 30 29 29 30
930=30 29 30 30 30 29 30 29 29 30 29 29
931=30 29 30 30 30 29 30 29 30 29 30 29
932=30 29 29 30 30 29 30 30 29 30 29 30
933=29 30 29 30 29 29 30 30 29 30 30 29
934=30 29 30 29 30 29 29 30 29 30 30 29
935=30 30 29 30 29 30 29 29 30 29 30 29
936=30 30 29 30 30 29 30 29 29 30 29 29
937=30 30 29 30 30 30 29 30 29 29 30 29
938=29 30 30 29 30 30 30 29 30 29 29 30
939=29 29 30 29 30 30 30 29 30 30 29 29
940=30 29 29 30 29 30 30 29 30 30 29 30
941=29 30 29 30 29 29 30 30 29 30 29 30
942=30 29 30 29 30 29 30 29 29 30 29 30
943=30 29 30 30 29 30 29 30 29 29 30 29
944=30 29 30 30 29 30 30 29 30 29 29 30
945=29 30 29 30 29 30 30 30 29 30 29 29
946=30 29 29 30 29 30 30 30 30 29 30 29
947=29 30 29 29 30 29 30 30 30 29 30 30
948=29 29 30 29 29 30 29 30 30 29 30 30
949=29 30 29 30 29 29 30 29 30 29 30 30
950=30 29 30 29 30 29 29 30 29 30 29 30
951=30 29 30 29 30 30 29 30 29 29 30 29
952=30 29 30 30 29 30 29 30 30 29 30 29
953=29 30 29 30 29 30 30 29 30 30 29 30
954=29 29 30 29 29 30 30 29 30 30 30 29
955=30 29 29 30 29 29 30 29 30 30 30 29
956=30 30 29 29 30 29 29 30 29 30 30 29
957=30 30 30 29 29 30 29 29 30 29 30 29
958=30 30 30 29 30 29 30 29 29 30 29 30
959=29 30 30 29 30 30 29 30 29 29 30 29
960=30 29 30 29 30 30 29 30 29 30 30 29
961=29 30 29 30 29 30 29 30 30 29 30 30
962=29 30 29 29 30 29 30 29 30 29 30 30
963=29 30 30 29 29 30 29 29 30 29 30 30
964=30 29 30 30 29 29 30 29 29 30 29 30
965=30 29 30 30 30 29 29 30 29 29 30 29
966=30 29 30 30 30 29 30 29 30 29 29 30
967=29 30 29 30 30 29 30 30 29 30 29 29
968=30 29 30 29 30 29 30 30 29 30 30 29
969=29 30 29 30 29 30 29 30 29 30 30 29
970=30 29 30 29 30 29 30 29 30 29 30 29
971=30 30 29 30 29 30 29 30 29 29 30 29
972=30 30 30 29 30 30 29 29 30 29 29 30
973=29 30 30 29 30 30 30 29 29 30 29 29
974=30 29 30 29 30 30 30 29 30 29 30 29
975=29 30 29 30 29 30 30 29 30 30 29 30
976=29 29 30 29 30 29 30 29 30 30 30 29
977=30 29 29 30 29 30 29 30 29 30 30 29
978=30 29 30 29 30 29 30 29 30 29 30 29
979=30 30 29 30 29 30 29 30 29 30 29 30
980=29 30 29 30 30 29 30 29 30 29 30 29
981=29 30 29 30 30 29 30 30 29 30 29 30
982=29 29 30 29 30 29 30 30 30 29 30 29
983=30 29 29 30 29 30 29 30 30 30 29 30
984=29 30 29 29 30 29 29 30 30 29 30 30
985=30 29 30 29 29 30 29 29 30 30 29 30
986=30 29 30 30 29 29 30 29 30 29 30 29
987=30 29 30 30 29 30 29 30 29 30 29 30
988=29 30 29 30 29 30 30 29 30 29 30 29
989=30 29 29 30 29 30 30 29 30 30 29 30
990=29 30 29 29 30 29 30 29 30 30 30 29
991=30 29 30 29 29 30 29 30 29 30 30 30
992=29 30 29 30 29 29 30 29 29 30 30 29
993=30 30 30 29 30 29 29 30 29 29 30 30
994=29 30 30 30 29 30 29 29 30 29 29 30
995=29 30 30 30 29 30 29 30 29 30 29 30
996=29 29 30 30 29 30 30 29 30 29 30 29
997=30 29 30 29 29 30 30 29 30 29 30 30
998=29 30 29 30 29 29 30 29 30 30 29 30
999=30 29 30 29 30 29 29 30 29 30 29 30
1000=30 29 30 30 29 30 29 29 30 29 29 30
1001=30 29 30 30 30 29 30 29 29 30 29 29
1002=30 29 30 30 30 30 29 30 29 29 30 29
1003=29 30 29 30 30 30 29 30 30 29 29 30
1004=29 29 30 29 30 30 29 30 30 29 30 29
1005=30 29 29 30 29 30 29 30 30 29 30 30
1006=29 30 29 30 29 29 30 29 30 29 30 30
1007=29 30 30 29 30 29 30 29 29 30 29 30
1008=29 30 30 29 30 30 29 30 29 29 30 29
1009=29 30 30 29 30 30 30 29 30 29 29 30
1010=29 29 30 29 30 30 30 30 29 30 29 29
1011=30 29 29 30 29 30 30 30 29 30 30 29
1012=29 30 29 29 30 29 30 30 29 30 30 29
1013=30 29 30 29 29 30 29 30 29 30 30 30
1014=29 30 29 30 29 29 30 29 30 29 30 30
1015=29 30 29 30 30 29 30 29 29 30 29 30
1016=29 30 29 30 30 29 30 30 29 30 29 29
1017=30 29 30 29 30 30 29 30 30 29 30 29
1018=29 30 29 29 30 30 29 30 30 30 29 30
1019=29 29 30 29 29 30 29 30 30 30 29 30
1020=30 29 29 30 29 29 30 29 30 30 29 30
1021=30 29 30 29 30 29 29 30 29 30 29 30
1022=30 30 29 30 29 30 29 29 30 29 30 29
1023=30 30 29 30 30 29 30 29 29 30 29 30
1024=29 30 29 30 30 29 30 29 30 29 30 29
1025=30 29 30 29 30 29 30 30 29 30 29 30
1026=29 30 29 30 29 29 30 30 29 30 30 29
1027=30 30 29 29 30 29 29 30 29 30 30 30
1028=29 30 30 29 29 30 29 29 30 29 30 30
1029=29 30 30 30 29 29 30 29 29 30 29 30
1030=29 30 30 30 29 30 29 30 29 29 30 29
1031=30 29 30 30 29 30 30 29 30 29 29 30
1032=29 30 29 30 29 30 30 29 30 29 30 29
1033=30 29 30 29 30 29 30 29 30 30 29 30
1034=29 30 29 30 29 30 29 30 29 30 29 30
1035=30 29 30 29 30 29 30 29 29 30 29 30
1036=30 30 29 30 30 29 29 30 29 29 30 29
1037=30 30 29 30 30 29 30 29 30 29 29 30
1038=29 30 29 30 30 30 29 30 29 30 29 29
1039=30 29 30 29 30 30 29 30 30 29 30 29
1040=29 30 29 30 29 30 29 30 30 30 29 30
1041=29 29 30 29 30 29 30 29 30 30 29 30
1042=29 30 29 30 29 30 29 30 29 30 29 30
1043=30 29 30 29 30 29 30 29 30 29 29 30
1044=30 29 30 30 29 30 29 30 29 30 29 29
1045=30 29 30 30 29 30 30 29 30 29 30 29
1046=29 30 29 30 29 30 30 30 29 30 29 30
1047=29 29 30 29 29 30 30 30 30 29 30 29
1048=30 29 29 30 29 29 30 30 29 30 30 30
1049=29 30 29 29 30 29 29 30 30 29 30 30
1050=29 30 29 30 29 30 29 30 29 30 29 30
1051=29 30 30 29 30 29 30 29 30 29 30 29
1052=30 29 30 29 30 30 29 30 29 30 29 30
1053=29 29 30 29 30 30 29 30 30 29 30 29
1054=30 29 29 30 29 30 29 30 30 30 29 30
1055=29 30 29 29 30 29 30 29 30 30 29 30
1056=30 29 30 29 29 30 29 29 30 30 29 30
1057=30 30 29 30 29 29 30 29 29 30 30 29
1058=30 30 29 30 30 29 29 30 29 29 30 29
1059=30 30 29 30 30 29 30 29 30 29 29 30
1060=29 30 30 29 30 30 29 30 29 30 29 30
1061=29 29 30 29 30 30 29 30 29 30 30 29
1062=30 29 30 29 29 30 29 30 29 30 30 30
1063=29 30 29 30 29 29 30 29 30 29 30 30
1064=29 30 30 29 30 29 29 30 29 29 30 30
1065=29 30 30 30 29 30 29 29 30 29 29 30
1066=29 30 30 30 30 29 30 29 29 30 29 29
1067=30 29 30 30 30 29 30 29 30 29 30 29
1068=29 30 29 30 30 29 30 30 29 30 29 30
1069=29 29 30 29 30 29 30 30 29 30 30 29
1070=30 29 30 29 29 30 29 30 29 30 30 29
1071=30 30 29 30 29 30 29 29 30 29 30 29
1072=30 30 29 30 30 29 30 29 29 30 29 29
1073=30 30 29 30 30 30 29 30 29 29 30 29
1074=29 30 29 30 30 30 30 29 30 29 29 30
1075=29 29 30 29 30 30 30 29 30 30 29 29
1076=30 29 29 30 29 30 30 29 30 30 29 30
1077=29 30 29 29 30 29 30 29 30 30 29 30
1078=30 29 30 29 29 30 29 30 29 30 29 30
1079=30 29 30 30 29 30 29 29 30 29 30 29
1080=30 29 30 30 29 30 30 29 29 30 29 30
1081=29 30 29 30 29 30 30 30 29 30 29 29
1082=30 29 29 30 29 30 30 30 29 30 30 29
1083=29 30 29 29 30 29 30 30 30 29 30 30
1084=29 29 30 29 29 30 29 30 30 29 30 30
1085=29 30 29 30 29 29 30 29 30 29 30 30
1086=30 29 30 29 30 29 29 30 29 30 29 30
1087=30 29 30 30 29 30 29 29 30 29 30 29
1088=30 29 30 30 29 30 29 30 29 30 29 30
1089=29 30 29 30 29 30 30 29 30 29 30 29
1090=30 29 30 29 29 30 30 29 30 30 29 30
1091=30 29 29 30 29 29 30 29 30 30 30 29
1092=30 30 29 29 30 29 29 30 29 30 30 29
1093=30 30 29 30 29 30 29 29 30 29 30 29
1094=30 30 30 29 30 29 30 29 29 30 29 30
1095=29 30 30 29 30 30 29 30 29 29 30 29
1096=30 29 30 29 30 30 29 30 29 30 29 30
1097=29 30 29 30 29 30 29 30 30 29 30 29
1098=30 29 30 29 30 29 30 29 30 29 30 30
1099=29 30 29 30 29 30 29 29 30 29 30 30
1100=30 29 30 29 30 29 30 29 29 30 29 30
1101=30 29 30 30 29 30 29 30 29 29 30 29
1102=30 29 30 30 30 29 30 29 30 29 29 30
1103=29 29 30 30 30 29 30 30 29 30 29 29
1104=30 29 29 30 30 29 30 30 29 30 30 29
1105=29 30 29 30 29 30 29 30 30 29 30 29
1106=30 29 30 29 30 29 30 29 30 29 30 29
1107=30 30 29 30 29 30 29 30 29 29 30 30
1108=29 30 30 29 30 29 30 29 30 29 29 30
1109=29 30 30 29 30 30 29 30 29 30 29 29
1110=30 29 30 29 30 30 30 29 30 29 30 29
1111=29 30 29 29 30 30 30 29 30 30 29 30
1112=29 29 30 29 29 30 30 29 30 30 30 29
1113=30 29 29 30 29 29 30 30 29 30 30 29
1114=30 29 30 29 30 29 29 30 29 30 30 29
1115=30 30 29 30 29 30 29 30 29 29 30 29
1116=30 30 29 30 30 29 30 29 30 29 30 29
1117=29 30 29 30 30 29 30 30 29 30 29 30
1118=29 29 30 29 30 29 30 30 30 29 30 29
1119=30 29 29 30 29 29 30 30 30 29 30 30
1120=29 30 29 29 30 29 29 30 30 29 30 30
1121=30 29 30 29 29 30 29 29 30 29 30 30
1122=30 29 30 29 30 29 30 29 29 30 29 30
1123=30 29 30 30 29 30 29 30 29 29 30 29
1124=30 30 29 30 29 30 30 29 30 29 30 29
1125=29 30 29 30 29 30 30 29 30 30 29 30
1126=29 29 30 29 30 29 30 29 30 30 30 29
1127=30 29 30 29 29 30 29 30 29 30 30 29
1128=30 30 29 30 29 29 30 29 29 30 30 29
1129=30 30 30 29 30 29 29 30 29 29 30 29
1130=30 30 30 30 29 30 29 29 30 29 29 30
1131=29 30 30 30 29 30 29 30 29 30 29 29
1132=30 29 30 30 29 30 30 29 30 29 30 29
1133=29 30 29 30 29 30 30 29 30 30 29 30
1134=29 30 29 29 30 29 30 29 30 30 29 30
1135=30 29 30 29 29 30 29 30 29 30 29 30
1136=30 29 30 30 29 30 29 29 30 29 29 30
1137=30 29 30 30 30 29 30 29 29 30 29 29
1138=30 29 30 30 30 30 29 30 29 29 30 29
1139=29 30 29 30 30 30 29 30 29 30 29 30
1140=29 29 30 29 30 30 29 30 30 29 30 29
1141=30 29 29 30 29 30 29 30 30 29 30 30
1142=29 30 29 29 30 29 30 29 30 29 30 30
1143=29 30 29 30 29 30 29 30 29 30 29 30
1144=29 30 30 29 30 30 29 29 30 29 30 29
1145=29 30 30 29 30 30 30 29 30 29 29 30
1146=29 29 30 29 30 30 30 29 30 30 29 29
1147=30 29 29 30 29 30 30 30 29 30 30 29
1148=29 30 29 29 30 29 30 30 29 30 30 29
1149=30 29 30 29 29 30 29 30 29 30 30 30
1150=29 30 29 30 29 29 30 29 30 29 30 30
1151=29 30 29 30 29 30 29 30 29 30 29 30
1152=29 30 30 29 30 29 30 29 30 29 30 29
1153=30 29 30 29 30 30 29 30 29 30 29 30
1154=29 30 29 29 30 30 29 30 30 29 30 29
1155=30 29 30 29 29 30 29 30 30 30 29 30
1156=29 30 29 30 29 29 30 29 30 30 29 30
1157=30 29 30 29 30 29 29 30 29 30 29 30
1158=30 30 29 30 29 30 29 29 30 29 30 29
1159=30 30 29 30 30 29 29 30 29 30 29 30
1160=29 30 29 30 30 29 30 29 30 29 30 29
1161=30 29 30 29 30 29 30 30 29 30 29 30
1162=29 30 29 30 29 29 30 30 29 30 30 29
1163=30 29 30 29 30 29 29 30 29 30 30 30
1164=29 30 29 30 29 30 29 29 30 29 30 30
1165=29 30 30 29 30 29 30 29 29 30 29 30
1166=29 30 30 30 29 30 29 30 29 29 29 30
1167=29 30 30 30 29 30 30 29 30 29 29 30
1168=29 29 30 30 29 30 30 29 30 29 30 29
1169=30 29 29 30 30 29 30 30 29 30 29 30
1170=29 30 29 30 29 30 29 30 29 30 29 30
1171=30 29 30 29 30 29 30 29 29 30 29 30
1172=30 30 29 30 29 30 29 30 29 29 30 29
1173=30 30 29 30 30 29 30 29 30 29 29 30
1174=29 30 29 30 30 30 29 30 29 30 29 29
1175=29 30 29 30 30 30 29 30 30 29 30 29
1176=29 29 30 29 30 30 29 30 30 30 29 29
1177=30 29 30 29 29 30 30 29 30 30 29 30
1178=29 30 29 30 29 29 30 29 30 30 29 30
1179=30 29 30 29 30 29 30 29 29 30 29 30
1180=30 29 30 30 29 30 29 30 29 29 30 29
1181=30 29 30 30 29 30 30 29 30 29 30 29
1182=29 30 29 30 29 30 30 30 29 30 29 30
1183=29 29 29 30 29 30 30 30 29 30 30 29
1184=30 29 29 29 30 29 30 30 29 30 30 30
1185=29 30 29 29 29 30 29 30 29 30 30 30
1186=29 30 29 30 29 30 29 29 30 29 30 30
1187=29 30 30 29 30 29 30 29 29 30 29 30
1188=30 29 30 29 30 30 29 30 29 30 29 29
1189=30 29 30 29 30 30 29 30 30 29 30 29
1190=29 30 29 30 29 30 29 30 30 30 29 30
1191=29 30 29 29 30 29 29 30 30 30 29 30
1192=30 29 30 29 29 29 30 29 30 30 29 30
1193=30 30 29 30 29 29 29 30 29 30 29 30
1194=30 30 29 30 30 29 29 29 30 29 30 29
1195=30 30 30 29 30 29 30 29 30 29 29 30
1196=29 30 30 29 30 30 29 30 29 30 29 29
1197=30 29 30 29 30 30 29 30 29 30 30 29
1198=29 30 29 30 29 30 29 30 30 29 30 29
1199=30 30 29 29 30 29 30 29 30 29 30 30
1200=29 30 30 29 30 29 29 29 30 29 30 30
1201=29 30 30 30 29 30 29 29 29 30 29 30
1202=29 30 30 30 29 30 30 29 29 29 30 29
1203=30 29 30 30 30 29 30 29 30 29 29 30
1204=29 30 29 30 30 29 30 30 29 30 29 29
1205=30 29 30 29 30 29 30 30 29 30 30 29
1206=29 30 29 30 29 30 29 30 29 30 30 29
1207=30 29 30 29 30 29 30 29 30 29 30 29
1208=30 30 29 30 29 30 29 30 29 30 29 29
1209=30 30 29 30 30 30 29 29 30 29 29 30
1210=29 30 29 30 30 30 29 30 30 29 29 29
1211=30 29 30 29 30 30 30 29 30 29 30 29
1212=29 30 29 30 29 30 30 29 30 30 29 30
1213=29 29 30 29 30 29 30 29 30 30 30 29
1214=30 29 29 30 29 30 29 30 29 30 30 29
1215=30 29 30 29 30 29 30 29 30 29 30 29
1216=30 29 30 30 29 30 29 30 29 30 29 30
1217=29 30 29 30 29 30 30 29 30 29 30 29
1218=30 29 29 30 30 29 30 30 29 30 29 30
1219=29 29 30 29 30 29 30 30 30 29 30 29
1220=30 29 29 30 29 30 29 30 29 30 30 30
1221=29 30 29 29 30 29 29 30 30 29 30 30
1222=30 29 30 29 29 30 29 30 29 30 29 30
1223=30 29 30 30 29 29 30 29 30 29 30 29
1224=30 29 30 30 29 30 29 30 29 30 29 30
1225=29 30 29 30 29 30 30 29 30 29 30 29
1226=30 29 30 29 29 30 30 29 30 30 29 30
1227=29 30 29 29 30 29 30 29 30 30 30 29
1228=30 29 30 29 29 30 29 30 29 30 29 30
1229=30 30 29 30 29 29 30 29 29 30 30 29
1230=30 30 30 29 30 29 30 29 29 29 30 29
1231=30 30 30 29 30 30 29 29 30 29 29 30
1232=29 30 30 29 30 30 29 30 29 30 29 30
1233=29 29 30 30 29 30 29 30 30 29 30 29
1234=30 29 30 29 29 30 30 29 30 29 30 30
1235=29 30 29 30 29 29 30 29 30 29 30 30
1236=30 29 30 29 30 29 29 30 29 30 29 30
1237=30 29 30 30 29 30 29 29 30 29 29 30
1238=30 29 30 30 30 29 30 29 30 29 29 29
1239=30 29 30 30 30 29 30 30 29 29 30 29
1240=29 30 29 30 30 29 30 30 30 29 29 30
1241=29 29 30 29 30 30 29 30 30 29 30 29
1242=30 29 30 29 29 30 29 30 30 29 30 30
1243=29 30 29 30 29 30 29 29 30 29 30 30
1244=29 30 30 29 30 29 30 29 29 30 29 30
1245=29 30 30 29 30 30 29 30 29 29 30 29
1246=30 29 30 29 30 30 30 29 30 29 30 29
1247=29 29 30 29 30 30 30 29 30 30 29 30
1248=29 29 29 30 29 30 30 29 30 30 30 29
1249=29 30 29 29 30 29 30 29 30 30 30 29
1250=30 29 30 29 29 30 29 30 29 30 30 29
1251=30 30 29 30 29 30 29 29 30 29 30 29
1252=30 30 29 30 30 29 30 29 29 30 29 30
1253=29 30 29 30 30 29 30 30 29 30 29 29
1254=30 29 30 29 30 29 30 30 30 29 30 29
1255=29 30 29 29 30 29 30 30 30 29 30 30
1256=29 30 29 29 29 30 29 30 30 29 30 30
1257=30 29 29 30 29 29 30 29 30 29 30 30
1258=30 29 30 29 30 29 29 30 29 30 29 30
1259=30 29 30 30 29 30 29 29 30 29 30 29
1260=30 30 29 30 30 29 30 29 29 30 29 30
1261=29 30 29 30 30 29 30 29 30 29 30 29
1262=30 29 30 29 30 29 30 29 30 30 29 30
1263=30 29 29 30 29 30 29 30 29 30 30 29
1264=30 30 29 29 30 29 29 30 29 30 30 29
1265=30 30 30 29 29 30 29 29 30 29 30 29
1266=30 30 30 29 30 29 30 29 29 30 29 30
1267=29 30 30 30 29 30 29 30 29 29 30 29
1268=30 29 30 30 29 30 30 29 30 29 29 30
1269=29 30 29 30 29 30 30 29 30 30 29 29
1270=30 29 30 29 30 29 30 29 30 30 29 30
1271=29 30 29 30 29 30 29 30 29 30 29 30
1272=30 29 30 29 30 29 30 29 29 30 29 30
1273=30 29 30 30 29 30 29 30 29 29 30 29
1274=30 29 30 30 30 29 30 29 30 29 29 30
1275=29 30 29 30 30 30 29 30 29 30 29 29
1276=30 29 30 29 30 30 29 30 30 29 30 29
1277=29 30 29 30 29 30 29 30 30 29 30 30
1278=29 29 30 29 30 29 30 29 30 29 30 30
1279=29 30 29 30 29 30 29 30 29 30 29 30
1280=29 30 30 29 30 29 30 29 30 29 30 29
1281=30 29 30 29 30 30 29 30 29 30 29 29
1282=30 29 30 29 30 30 30 29 30 29 30 29
1283=29 30 29 30 29 30 30 30 29 30 29 30
1284=29 29 30 29 29 30 30 29 30 30 30 29
1285=30 29 29 30 29 29 30 30 29 30 30 30
1286=29 30 29 29 30 29 29 30 29 30 30 30
1287=29 30 29 30 29 30 29 30 29 30 29 30
1288=29 30 30 29 30 29 30 29 30 29 30 29
1289=30 29 30 29 30 30 29 30 29 30 29 30
1290=29 29 30 29 30 30 29 30 30 29 30 29
1291=30 29 29 30 29 30 29 30 30 30 29 30
1292=29 30 29 29 30 29 29 30 30 29 30 30
1293=30 29 30 29 29 30 29 29 30 30 29 30
1294=30 30 29 30 29 29 30 29 29 30 29 30
1295=30 30 29 30 30 29 29 30 29 29 30 29
1296=30 30 29 30 30 29 30 29 30 29 30 29
1297=29 30 30 29 30 29 30 30 29 30 29 30
1298=29 30 29 29 30 29 30 30 29 30 30 29
1299=30 29 30 29 29 30 29 30 29 30 30 29
1300=30 30 29 30 29 29 30 29 30 29 30 29
1301=30 30 30 29 30 29 29 30 29 29 30 30
1302=29 30 30 30 29 30 29 29 30 29 29 30
1303=29 30 30 30 29 30 30 29 29 30 29 29
1304=30 29 30 30 29 30 30 29 30 29 30 29
1305=29 30 29 30 29 30 30 30 29 30 29 30
1306=29 30 29 29 30 29 30 30 29 30 30 29
1307=30 29 30 29 29 30 29 30 29 30 30 29
1308=30 29 30 30 29 30 29 29 30 29 30 29
1309=30 30 29 30 30 29 30 29 29 30 29 29
1310=30 30 29 30 30 30 29 30 29 29 30 29
1311=29 30 29 30 30 30 29 30 30 29 29 30
1312=29 29 30 29 30 30 29 30 30 30 29 29
1313=30 29 29 30 29 30 29 30 30 30 29 30
1314=29 30 29 29 30 29 30 29 30 30 29 30
1315=30 29 30 29 29 30 29 30 29 30 29 30
1316=30 29 30 30 29 30 29 29 30 29 30 29
1317=30 29 30 30 29 30 30 29 30 29 29 30
1318=29 30 29 30 29 30 30 30 29 30 29 29
1319=30 29 29 30 29 30 30 30 29 30 30 29
1320=29 30 29 29 30 29 30 30 29 30 30 30
1321=29 29 30 29 29 30 29 30 29 30 30 30
1322=29 30 29 30 29 29 30 29 30 29 30 30
1323=29 30 30 29 30 29 29 30 29 30 29 30
1324=29 30 30 29 30 30 29 29 30 29 30 29
1325=30 29 30 29 30 30 29 30 29 30 29 30
1326=29 30 29 30 29 30 29 30 30 29 30 30
1327=29 29 30 29 29 30 29 30 30 30 29 30
1328=30 29 29 30 29 29 30 29 30 30 29 30
1329=30 30 29 29 30 29 29 30 29 30 29 30
1330=30 30 29 30 29 30 29 29 30 29 30 29
1331=30 30 30 29 30 29 30 29 29 30 29 30
1332=29 30 29 30 30 30 29 30 29 29 30 29
1333=30 29 30 29 30 30 29 30 29 30 29 30
1334=29 30 29 30 29 30 29 30 30 29 30 29
1335=30 29 30 29 30 29 30 29 30 29 30 30
1336=29 30 29 30 29 30 29 29 30 29 30 30
1337=29 30 30 29 30 29 30 29 29 30 29 30
1338=29 30 30 30 29 30 29 30 29 29 30 29
1339=30 29 30 30 30 29 30 29 30 29 29 30
1340=29 29 30 30 29 30 30 30 29 30 29 29
1341=30 29 29 30 30 29 30 30 29 30 30 29
1342=29 30 29 30 29 30 29 30 29 30 30 29
1343=30 29 30 29 30 29 30 29 30 29 30 29
1344=30 30 29 30 29 30 29 30 29 29 30 29
1345=30 30 29 30 30 29 30 29 30 29 29 30
1346=29 30 29 30 30 30 29 30 29 30 29 29
1347=30 29 30 29 30 30 30 29 30 29 30 29
1348=29 30 29 29 30 30 29 30 30 30 29 30
1349=29 29 30 29 29 30 30 29 30 30 30 29
1350=30 29 29 30 29 29 30 29 30 30 30 29
1351=30 29 30 29 30 29 30 29 29 30 30 29
1352=30 30 29 30 29 30 29 30 29 30 29 29
1353=30 30 29 30 30 29 30 29 30 29 30 29
1354=29 30 29 30 30 29 30 30 29 30 29 30
1355=29 29 30 29 30 29 30 30 29 30 30 29
1356=30 29 29 30 29 29 30 30 29 30 30 30
1357=29 30 29 29 30 29 29 30 29 30 30 30
1358=30 29 30 29 29 30 29 29 30 29 30 30
1359=30 29 30 30 29 29 30 29 29 30 29 30
1360=30 29 30 30 29 30 29 30 29 29 30 29
1361=30 29 30 30 29 30 30 29 30 29 30 29
1362=29 30 29 30 29 30 30 29 30 30 29 30
1363=29 30 29 29 30 29 30 29 30 30 29 30
1364=30 29 30 29 29 30 29 30 29 30 29 30
1365=30 30 29 30 29 29 30 29 29 30 29 30
1366=30 30 30 29 30 29 29 30 29 29 30 29
1367=30 30 30 29 30 30 29 29 30 29 29 30
1368=29 30 30 29 30 30 29 30 29 30 29 29
1369=30 29 30 29 30 30 30 29 30 29 30 29
1370=29 30 29 30 29 30 30 29 30 29 30 30
1371=29 30 29 29 30 29 30 29 30 29 30 30
1372=29 30 30 29 30 29 29 30 29 30 29 30
1373=30 29 30 30 29 30 29 29 30 29 29 30
1374=30 29 30 30 30 29 30 29 29 30 29 29
1375=30 29 30 30 30 29 30 30 29 29 30 29
1376=29 30 29 30 30 29 30 30 30 29 29 30
1377=29 29 30 29 30 29 30 30 30 29 30 29
1378=30 29 29 30 29 30 29 30 30 29 30 30
1379=29 30 29 29 30 29 30 29 30 29 30 30
1380=29 30 29 30 29 30 29 30 29 30 29 30
1381=29 30 30 29 30 30 29 30 29 29 30 29
1382=29 30 30 29 30 30 29 30 30 29 29 30
1383=29 29 30 29 30 30 30 29 30 30 29 29
1384=30 29 29 30 29 30 30 29 30 30 30 29
1385=29 30 29 29 30 29 30 29 30 30 30 29
1386=30 29 30 29 29 30 29 30 29 30 30 29
1387=30 30 29 30 29 29 30 29 30 29 30 29
1388=30 30 29 30 30 29 29 30 29 30 29 30
1389=29 30 29 30 30 29 30 29 30 29 30 29
1390=30 29 30 29 30 29 30 30 29 30 29 30
1391=29 30 29 29 30 29 30 30 30 29 30 30
1392=29 29 30 29 29 30 29 30 30 29 30 30
1393=30 29 29 30 29 29 30 29 30 29 30 30
1394=30 29 30 29 30 29 29 30 29 30 29 30
1395=30 29 30 30 29 30 29 29 30 29 30 29
1396=30 29 30 30 30 29 30 29 29 30 29 30
1397=29 30 29 30 30 29 30 29 30 29 30 29
1398=30 29 30 29 30 29 30 30 29 30 29 30
1399=29 30 29 30 29 29 30 30 29 30 30 29
1400=30 29 30 29 30 29 29 30 29 30 30 29
1401=30 30 29 30 29 30 29 29 30 29 30 29
1402=30 30 30 29 30 29 30 29 29 30 29 29
1403=30 30 30 30 29 30 29 30 29 29 30 29
1404=29 30 30 29 30 30 30 29 30 29 29 30
1405=29 29 30 30 29 30 30 29 30 30 29 29
1406=30 29 30 29 30 29 30 29 30 30 29 30
1407=29 30 29 30 29 30 29 30 29 30 29 30
1408=30 29 30 29 30 29 30 29 29 30 29 30
1409=30 29 30 30 29 30 29 30 29 29 30 29
1410=30 29 30 30 30 29 30 29 30 29 29 30
1411=29 30 29 30 30 29 30 30 29 30 29 29
1412=30 29 29 30 30 29 30 30 30 29 30 29
1413=29 30 29 29 30 30 29 30 30 29 30 30
1414=29 29 30 29 29 30 29 30 30 30 29 30
1415=29 30 29 30 29 29 30 29 30 30 29 30
1416=30 29 30 29 30 29 30 29 29 30 29 30
1417=30 29 30 29 30 30 29 30 29 30 29 29
1418=30 29 30 29 30 30 30 29 30 29 30 29
1419=29 30 29 30 29 30 30 29 30 30 29 30
1420=29 29 30 29 29 30 30 29 30 30 30 29
1421=30 29 29 30 29 29 30 29 30 30 30 30
1422=29 30 29 29 30 29 29 30 29 30 30 30
1423=29 30 29 30 29 30 29 29 30 29 30 30
1424=29 30 30 29 30 29 30 29 29 30 29 30
1425=29 30 30 29 30 30 29 30 29 30 29 29
1426=30 29 30 29 30 30 29 30 30 29 30 29
1427=30 29 29 30 29 30 29 30 30 29 30 30
1428=29 30 29 29 30 29 29 30 30 29 30 30
1429=30 29 30 29 29 30 29 29 30 29 30 30
1430=30 30 29 30 29 29 30 29 29 30 29 30
1431=30 30 29 30 30 29 29 30 29 29 30 29
1432=30 30 29 30 30 29 30 29 30 29 29 30
1433=29 30 29 30 30 29 30 30 29 30 29 29
1434=30 29 30 29 30 30 29 30 29 30 30 29
1435=30 29 29 30 29 30 29 30 29 30 30 29
1436=30 30 29 29 30 29 30 29 30 29 30 30
1437=29 30 30 29 30 29 29 30 29 29 30 30
1438=29 30 30 30 29 30 29 29 30 29 29 30
1439=29 30 30 30 29 30 30 29 29 30 29 29
1440=30 29 30 30 29 30 30 29 30 29 30 29
1441=29 30 29 30 29 30 30 30 29 30 29 30
1442=29 29 30 29 30 29 30 30 29 30 30 29
1443=30 29 29 30 29 30 29 30 29 30 30 29
1444=30 29 30 29 30 29 30 29 30 29 30 29
1445=30 30 29 30 29 30 29 30 29 30 29 29
1446=30 30 29 30 30 29 30 30 29 29 30 29
1447=29 30 29 30 30 30 29 30 30 29 29 30
1448=29 29 30 29 30 30 29 30 30 30 29 29
1449=30 29 29 30 29 30 29 30 30 30 29 30
1450=29 30 29 29 30 29 30 29 30 30 29 30
1451=30 29 30 29 29 30 29 30 29 30 29 30
1452=30 29 30 29 30 29 30 29 30 29 30 29
1453=30 29 30 30 29 30 29 30 29 30 29 30
1454=29 30 29 30 29 30 30 29 30 29 30 29
1455=30 29 29 30 29 30 30 30 29 30 29 30
1456=29 30 29 29 30 29 30 30 29 30 30 29
1457=30 29 30 29 29 30 29 30 29 30 30 30
1458=29 30 29 30 29 29 30 29 30 29 30 30
1459=29 30 30 29 30 29 29 30 29 29 30 30
1460=29 30 30 30 29 30 29 29 30 29 30 29
1461=30 29 30 30 29 30 29 30 29 30 29 30
1462=29 30 29 30 29 30 30 29 30 29 30 29
1463=30 29 30 29 29 30 30 29 30 30 29 30
1464=29 30 29 30 29 29 30 29 30 30 29 30
1465=30 29 30 29 30 29 29 30 29 30 29 30
1466=30 30 29 30 29 30 29 29 30 29 29 30
1467=30 30 29 30 30 29 30 29 29 30 29 29
1468=30 30 29 30 30 30 29 30 29 29 30 29
1469=29 30 30 29 30 30 29 30 29 30 29 30
1470=29 29 30 30 29 30 29 30 30 29 30 29
1471=30 29 30 29 30 29 30 29 30 29 30 30
1472=29 30 29 30 29 30 29 29 30 29 30 30
1473=29 30 30 29 30 29 30 29 29 30 29 30
1474=29 30 30 30 29 30 29 30 29 29 30 29
1475=29 30 30 30 29 30 30 29 30 29 29 30
1476=29 29 30 30 29 30 30 30 29 30 29 29
1477=30 29 29 30 29 30 30 30 29 30 30 29
1478=29 30 29 29 30 29 30 30 29 30 30 29
1479=30 29 30 29 29 30 29 30 30 29 30 29
1480=30 30 29 30 29 30 29 29 30 29 30 30
1481=29 30 29 30 30 29 30 29 30 29 29 30
1482=29 30 29 30 30 30 29 30 29 30 29 29
1483=30 29 30 29 30 30 29 30 30 29 30 29
1484=29 30 29 29 30 30 29 30 30 30 29 30
1485=29 29 30 29 29 30 29 30 30 30 30 29
1486=30 29 29 30 29 29 30 29 30 30 30 29
1487=30 29 30 29 30 29 29 30 29 30 30 29
1488=30 30 29 30 29 30 29 29 30 29 30 29
1489=30 30 29 30 30 29 30 29 30 29 29 30
1490=29 30 29 30 30 29 30 30 29 30 29 29
1491=30 29 30 29 30 29 30 30 29 30 30 29
1492=30 29 29 30 29 29 30 30 29 30 30 30
1493=29 30 29 29 30 29 29 30 29 30 30 30
1494=30 29 30 29 29 30 29 29 30 29 30 30
1495=30 29 30 30 29 29 30 29 29 30 29 30
1496=30 29 30 30 29 30 29 30 29 29 30 29
1497=30 29 30 30 29 30 30 29 30 29 29 30
1498=29 30 29 30 29 30 30 29 30 29 30 29
1499=30 29 30 29 30 29 30 29 30 30 29 30
1500=30 29 29 30 29 30 29 30 29 30 29 30
1501=30 30 29 30 29 29 30 29 29 30 29 30
1502=30 30 29 30 30 29 29 30 29 29 30 29
1503=30 30 30 29 30 30 29 29 30 29 29 30
1504=29 30 30 29 30 30 29 30 29 30 29 29
1505=30 29 30 29 30 30 30 29 30 29 30 29
1506=29 30 29 30 29 30 30 29 30 29 30 30
1507=29 29 30 29 30 29 30 29 30 30 29 30
1508=29 30 29 30 29 30 29 30 29 30 29 30
1509=30 29 30 29 30 29 30 29 30 29 29 30
1510=30 29 30 30 29 30 30 29 29 30 29 29
1511=30 29 30 30 30 29 30 30 29 29 30 29
1512=29 30 29 30 30 29 30 30 29 30 29 30
1513=29 29 30 29 30 29 30 30 30 29 30 29
1514=30 29 29 30 29 30 29 30 30 29 30 30
1515=29 30 29 29 30 29 30 29 30 29 30 30
1516=29 30 29 30 29 30 29 30 29 30 29 30
1517=29 30 30 29 30 29 30 29 30 29 30 29
1518=29 30 30 29 30 30 29 30 29 30 29 30
1519=29 29 30 29 30 30 30 29 30 29 30 29
1520=30 29 29 30 29 30 30 29 30 30 29 30
1521=29 30 29 29 30 29 30 29 30 30 30 29
1522=30 29 30 29 29 30 29 29 30 30 30 29
1523=30 30 29 30 29 29 30 29 29 30 30 29
1524=30 30 29 30 29 30 29 30 29 30 29 30
1525=29 30 30 29 30 29 30 29 30 29 30 29
1526=30 29 30 29 30 29 30 30 29 30 29 30
1527=29 30 29 29 30 30 29 30 30 29 30 29
1528=30 29 30 29 29 30 29 30 30 29 30 30
1529=29 30 29 30 29 29 30 29 30 29 30 30
1530=30 29 30 29 30 29 29 29 30 29 30 30
1531=30 29 30 30 29 30 29 29 29 30 29 30
1532=30 29 30 30 30 29 30 29 29 30 29 29
1533=30 30 29 30 30 29 30 29 30 29 30 29
1534=29 30 29 30 30 29 30 30 29 30 29 30
1535=29 30 29 29 30 29 30 30 29 30 30 29
1536=30 29 30 29 29 30 29 30 29 30 30 29
1537=30 30 29 30 29 30 29 29 30 29 30 29
1538=30 30 30 29 30 29 30 29 29 30 29 29
1539=30 30 30 29 30 30 29 30 29 29 29 30
1540=29 30 30 29 30 30 30 29 30 29 29 29
1541=30 29 30 29 30 30 30 29 30 29 30 29
1542=30 29 29 30 29 30 30 29 30 30 29 30
1543=29 30 29 29 30 29 30 30 29 30 29 30
1544=30 29 30 29 30 29 29 30 29 30 29 30
1545=30 29 30 30 29 30 29 29 30 29 30 29
1546=30 29 30 30 30 29 30 29 30 29 29 30
1547=29 30 29 30 30 29 30 30 29 30 29 29
1548=29 30 29 30 30 29 30 30 30 29 30 29
1549=29 29 30 29 30 29 30 30 30 29 30 30
1550=29 29 29 30 29 30 29 30 30 30 29 30
1551=29 30 29 30 29 29 30 29 30 30 29 30
1552=30 29 30 29 30 29 29 30 29 30 29 30
1553=30 29 30 29 30 30 29 29 30 29 30 29
1554=30 29 30 30 29 30 29 30 30 29 29 30
1555=29 30 29 30 29 30 30 29 30 30 29 30
1556=29 29 30 29 29 30 30 29 30 30 30 29
1557=30 29 29 29 30 29 30 29 30 30 30 30
1558=29 30 29 29 29 30 29 30 29 30 30 30
1559=29 30 29 30 29 29 30 29 30 29 30 30
1560=29 30 30 29 30 29 30 29 29 30 29 30
1561=29 30 30 29 30 30 29 30 29 29 30 29
1562=30 29 30 29 30 30 29 30 29 30 29 30
1563=29 30 29 30 29 30 29 30 30 29 30 30
1564=29 29 30 29 30 29 29 30 30 29 30 30
1565=30 29 30 29 29 29 30 29 30 29 30 30
1566=30 29 30 30 29 29 29 30 29 30 29 30
1567=30 30 29 30 29 30 29 30 29 29 30 29
1568=30 30 29 30 30 29 30 29 30 29 29 30
1569=29 30 29 30 30 30 29 30 29 29 30 29
1570=30 29 30 29 30 30 29 30 29 30 29 30
1571=29 30 29 30 29 30 29 30 30 29 30 29
1572=30 29 30 29 30 29 30 29 30 29 30 30
1573=29 30 29 30 29 30 29 30 29 29 30 30
1574=29 30 30 29 30 29 30 29 29 30 29 30
1575=29 30 30 30 29 30 29 30 29 30 29 29
1576=30 29 30 30 29 30 30 29 30 29 30 29
1577=29 29 30 30 29 30 30 30 29 30 29 30
1578=29 29 30 29 30 29 30 30 29 30 30 29
1579=29 30 29 30 29 30 29 30 29 30 30 29
1580=30 29 30 29 30 29 30 29 30 29 30 29
1581=30 30 29 30 29 30 29 30 29 30 29 29
1582=30 30 29 30 30 29 30 29 30 29 30 29
1583=29 30 29 30 30 30 29 30 29 30 29 29
1584=30 29 30 29 30 30 29 30 30 29 30 29
1585=30 29 29 29 30 30 29 30 30 30 29 30
1586=29 30 29 29 29 30 29 30 30 30 29 30
1587=30 29 29 30 29 30 29 29 30 30 29 30
1588=30 29 30 29 30 29 30 29 29 30 30 29
1589=30 30 29 30 29 30 29 30 29 30 29 29
1590=30 30 29 30 29 30 30 29 30 29 30 29
1591=29 30 29 30 29 30 30 30 29 30 29 30
1592=29 29 30 29 30 29 30 30 29 30 30 29
1593=30 29 30 29 29 30 29 30 29 30 30 30
1594=29 30 29 30 29 29 29 30 29 30 30 30
1595=29 30 30 29 30 29 29 29 30 29 30 30
1596=29 30 30 30 29 29 30 29 29 30 29 30
1597=30 29 30 30 29 30 29 30 29 30 29 29
1598=30 29 30 30 29 30 30 29 30 29 30 29
1599=30 29 29 30 29 30 30 29 30 30 29 30
1600=29 30 29 29 30 29 30 29 30 30 29 30
